2157699411
2162610644
2170386967
2172971613
2196499529
2198794821
2199115759
2202371688
2203595791
2221481230
2235109743
2238512303
2239595162
2240150911
2247322760
2247858896
2252900891
2254727432
2258840830
2258915476
2265460671
2265560897
2266703107
2269695099
2273667247
2277102408
2277596884
2284987508
2290397679
2300225995
2304920571
2306817358
2315366322
2317984011
2322937143
2323400769
2330802097
2333507332
2341168980
2351863435
2355912598
2359435032
2361331797
2366273487
2367260024
2374908945
2380219181
2382233936
2383923069
2406117402
2411019198
2412781780
2419861736
2420351745
2421434924
2427315043
2430415343
2434446462
2438820155
2441770274
2455050643
2458396781
2458988812
2469465651
2469638904
2469824777
2475538431
2479824964
2482355039
2498612827
2500366526
2502102367
2503169886
2534211966
2536841994
2537508414
2546800755
2556626448
2563968159
2565686880
2569160330
2582419346
2596971951
2603610074
2610863374
2618608616
2619259634
2622823389
2649247912
2649989926
2662123511
2662815667
2665993716
2679736510
2687433934
2701925736
2704470968
2707937596
2724505028
2728173838
2728723095
2734618567
2736578183
2757177619
2758042968
2758183121
2758854907
2762368632
2763238946
2764691695
2766491924
2770082391
2772741097
2776716560
2793220789
2795061501
2802903838
2813359581
2829718152
2833724144
2847877813
2848728543
2848806240
2851763719
2854662095
2857895217
2881761499
2882242925
2886105884
2889412208
2889881873
2901820083
2939143142
2940804196
2941676472
2950355584
2966283956
2977332940
2984270698
3006059640
3007360350
3008306930
3009328780
3011445963
3013248850
3014012409
3038587565
3056550362
3084814619
3120504557
3128675341
3130009078
3140082847
3152095980
3166900883
3189117146
3195773135
3218828334
3230885603
3235525722
3240531724
3240726197
3241161615
3246750252
3253658658
3260124173
3262409991
3263483328
3264156314
3272420525
3283702279
3286177456
3293591244
3313922908
3316109862
3329672923
3330418660
3333326315
3339467968
3346513002
3353370896
3354913139
3356109730
3360538898
3378213893
3379099117
3386423162
3405556144
3406405828
3418416574
3419660472
3424336631
3438338818
3474273225
3478610820
3480933039
3487079603
3493356058
3508155883
3516291116
3526889503
3556533837
3571557806
3576980422
3577425264
3627288788
3640123151
3658169787
3659027382
3675065626
3679911340
3683584565
3694226396
3716796573
3741852929
3755275074
3761957487
3765379869
3784545898
3814991607
3830879127
3839670064
3840042421
3846001025
3849893819
3861468096
3867136964
3870339999
3875017062
3875695400
3886626414
3893786874
3899405587
3901637402
3906380524
3914368928
3924106425
3999760463
4009750240
4024615572
4039412942
4043795749
4048641287
4057060770
4064827053
4070279018
4085357750
4100588861
4105995855
4133232301
4135506502
4140162111
4149564913
4161063548
4174265875
4229123289
4254436634
4259387962
4343287565
4355440458
4377057243
4384224972
4403146863
4406059879
4424881312
4425857368
4466569218
4469999093
4472835288
4507246528
4537621672
4548165583
4558219775
4570732593
4571111524
4575751155
4583216608
4595725451
4615263359
4616422544
4622129508
4637638597
4642790771
4648827742
4658968482
4676676166
4704368388
4704945455
4708033311
4714440686
4760120368
4762272714
4765503037
4802035537
4849674270
4866421886
4873448027
4874231250
4920809318
4980339754
4995537684
4995804951
4996066268
5002709425
5019675725
5023852282
5049705706
5055654351
5057382856
5066065465
5099599628
5107775147
5113904643
5130175245
5150130447
5154224026
5154875744
5162089168
5169650211
5200238692
5208156570
5227069387
5241477969
5244210633
5261178845
5283606290
5356665740
5380618366
5381039800
5386172541
5394147595
5407704218
5408295285
5450375107
5458477920
5460646661
5461560291
5501626266
5531797802
5616213025
5642759387
5716047721
5721217524
5743638620
5753279999
5788872126
5805285569
5807831246
5826169457
5835601649
5835802146
5864191488
5873968937
5885827454
5906270590
5909454530
5923045018
5982118726
6000406453
6002886219
6012434277
6018769827
6036645264
6077387604
6083092943
6086216650
6102202806
6121584071
6136963310
6140618679
6147361629
6191986216
6239078378
6258999399
6266413145
6280341007
6283057293
6341621638
6351799749
6377915295
6407419927
6428885566
6430348031
6451800425
6484176301
6487525855
6498192715
6522411662
6535407507
6560238276
6591108496
6593816992
6607161086
6609678551
6625530319
6643062702
6652263650
6661072815
6672611051
6693352645
6695911167
6697400014
6701265951
6734074458
6745241974
6772567298
6811731056
6849891727
6849919026
6949345639
6967976328
7002628658
7023029070
7033548721
7045722658
7069685028
7103668124
7105708216
7116452719
7124757650
7125236633
7141218311
7146783168
7147469492
7219082565
7224323162
7294815247
7334777793
7360210296
7364731200
7374051056
7423182031
7432185649
7476536386
7503328031
7506316401
7608636599
7631825251
7640550489
7649650760
7697217525
7702842919
7722416525
7727237118
7737533175
7797476785
7809718872
7875201600
7929459279
7960008061
7991053974
8021879640
8043238336
8109833800
8110656257
8140078471
8151343080
8163556688
8175700481
8217318816
8238811264
8258211186
8303503999
8324847952
8358448384
8359156506
8362897438
8386706015
8387234524
8405457652
8452986720
8466882455
8493800950
8571722598
8703029923
8705363551
8731225368
8734835008
8754771211
8773166256
8810935952
8896761866
8950295042
8961644889
8985614287
9034011641
9045737849
9072575037
9084970019
9096540396
9125149852
9137390511
9165083024
9180171611
9201492613
9209627863
9265943144
9286210526
9302093724
9305683561
9318532767
9354435975
9379045425
9438388474
9556494526
9617482488
9624034568
9634021967
9647561248
9673322481
9676329239
9740748429
9745323278
9753148165
9856795075
9871999599
9927286091
10018724450
10027474800
10116433775
10164977149
10235124341
10302309236
10343825820
10374337658
10451962177
10455797704
10513781408
10567005768
10658536714
10684809114
10714852518
10753149581
10830000288
10830495200
10834241241
10885012859
10934540384
11000854971
11007071160
11024046803
11025460831
11044474229
11074075130
11082623829
11095067926
11183742935
11211145622
11229790296
11234478275
11275116358
11289348295
11335764695
11426363507
11440529164
11468262468
11517825048
11575634776
11613806637
11634504076
11673149324
11779717894
11814265828
11824519388
11956835467
12032493128
12153375046
12187798446
12189254197
12189412095
12207184789
12262924598
12343886874
12383437916
12585360125
12590696213
12625283993
12655455247
12693328166
12904345464
12960431632
12968491336
13030380221
13037470425
13062184215
13065887339
13209100275
13297531198
13392347178
13517341137
13536022674
13550262005
13564731616
13589126339
13617288614
13710656575
13738625881
13841061631
13892429217
14097009399
14116237363
14160635924
14189587523
14196783657
14233688456
14252100505
14387779426
14596464125
14608598223
14652757440
14713445468
14765959272
14854570319
14903463960
14937474628
14965529554
14988541039
15501357004
15618319749
15658258304
15826137228
15879376974
16031349686
16055520612
16132109747
16193373866
16266632813
16269131424
16570854762
16785461321
16791681093
16918180772
17120637159
17155922010
17217317843
17275167155
17349479143
17352611200
17420731388
17433409662
17487323107
17735532849
17813236718
17833050621
17838548035
17979611255
18003160367
18042198205
18214255565
18338206151
18366042044
18456732046
18667108714
18681091034
18727147554
18801141558
18827569047
19047181780
19054241354
19058118929
19193200949
19200076695
19215329861
19286118929
19306563697
19313331576
19426747517
19490110541
19539713756
19640734716
19649432940
19929044610
19938078815
20035364050
20060307937
20061467406
20113435824
20233007313
20302391528
20610839144
20887273975
20911142085
20912235466
20958459711
21135330475
21227138159
21369277781
21372014681
21692222513
21722396461
21831080607
21878031221
21907786525
22073073012
22073122982
22121917944
22157778193
22196585075
22570917106
22699818773
22897551680
23050501243
23123291407
23572167381
23641801690
23896638076
23977687468
24048430972
24360285515
24669151331
24708324572
24716161705
24769806860
24944388271
24991767921
25193113126
25225397980
25743507399
26077411952
26560791251
26636289349
27079807309
27311181966
27351143039
27364903396
27559778343
27573169400
27578687032
27685263486
27739881763
27757166823
27790526977
27825927229
28076641856
28271559063
28317864523
28608570279
28735943458
28841503132
29648346143
29699310768
29770999608
30664113682
30733995300
30798458424
30802110162
30834448224
30844505081
31007035365
31117886271
31648647440
31931516585
32038328492
32099066782
32257928135
32308499477
32399371154
32731158868
32747977088
32750222301
32885518080
33437965274
34256013999
34277537193
34388579562
34488619880
34502663007
34540132940
35317064749
35424054583
35903518348
37224094810
37472885477
37716261488
38407835838
38904133673
39258357775
39294576872
39476625149
40431132269
40525048196
40692741068
40826097682
40941993260
40955994854
41637575203
41687605709
41735671813
41892214343
42592346929
43620511639
43725990551
43763513377
43919233391
43977132232
44177003491
44505524600
44835270565
45416070314
45845433508
45971880820
46136363074
46946816159
47205265291
47433788731
47437991385
47574442824
48897629397
48974889161
50103114883
50213681591
50575721008
50878117561
50897668782
50897998861
50983048440
51313064991
51389010693
51410407843
51412879940
52591233243
52838611832
52932127434
52982290906
53469537875
53504536597
53619230182
53716094099
54200324606
54213344304
54298034161
55720095837
55732879340
56085514241
56719163612
57638627480
57849367287
59907487165
59934349428
60321037744
60855947395
61773757776
64238092924
64274439043
64586669845
65054512681
65099790755
66527796459
67032257886
67608188623
67673811635
