140588067237
149403464104
151470987127
152211621079
152486421216
153717653209
155742367652
156279227200
161175184203
162384464406
165389056097
167055277420
168420138269
171885862982
174754700808
181228229070
181806394029
184749930126
191164529943
192041319905
193325526043
195319962037
197587835564
199489441318
201847929844
203187624704
208549500912
210397525867
213581237318
214549037023
216402464861
221897913188
222110498041
225227165143
231015806177
238909032017
242987750653
244517014375
252610056182
256737187191
263970407945
270413673562
273210972320
