1074596888
1075596951
1084621573
1086057738
1091624177
1091636357
1095681059
1099135862
1100002335
1100327145
1100787331
1100968042
1106716943
1110055068
1110366170
1110796693
1114696039
1114759658
1115400663
1115765050
1116754031
1120083424
1121503812
1123219380
1128787887
1129423934
1129750776
1133154533
1134760802
1138997200
1139374672
1140286619
1144474607
1149094400
1152342981
1153064606
1158212816
1162050716
1162493612
1162811276
1163122046
1163693996
1164965900
1166407368
1168106956
1173649643
1177226589
1179690104
1181676600
1184115297
1184537592
1187397861
1187497093
1192099059
1192814015
1194149343
1198138603
1199002889
1200096149
1200529298
1201311870
1202200697
1203740160
1204542130
1205754075
1206997514
1208964056
1209657644
1209918870
1210489354
1217021308
1218983892
1219557443
1222294132
1224873379
1226881831
1228319937
1228475220
1231162227
1234961934
1238453547
1239489124
1246435700
1247070262
1247079547
1249218543
1251453249
1252035206
1255159541
1262449959
1270314136
1273474467
1273509289
1276173974
1278265565
1279647449
1280372039
1285293456
1289241804
1291479202
1292945380
1294113539
1295044544
1295469119
1301495088
1306156499
1306652576
1307078591
1307787266
1311076256
1311346224
1314612870
1315166522
1317314328
1319746064
1321218594
1321935559
1323918387
1325899574
1328757988
1330568816
1341410283
1342921526
1344662012
1346562150
1346648429
1347398656
1347748146
1350487975
1353821014
1355466160
1355795455
1358105528
1360589280
1362669232
1365921626
1367362892
1369892758
1370513945
1370759732
1374638366
1376141642
1382489652
1384271551
1389214296
1389867402
1398568703
1400535050
1402408055
1402882603
1403388201
1404215102
1404298472
1408264316
1413690737
1414307474
1424977105
1425139554
1428728930
1438088437
1446305337
1446334384
1450391644
1450665247
1453792880
1462490632
1464664063
1464765840
1465597548
1467113807
1489677937
1490181906
1495793560
1498795879
1499257867
1500813176
1505434275
1510743165
1512220284
1512404328
1513263871
1514238306
1521483239
1525379557
1526542503
1527070301
1527493403
1531075951
1531889826
1532886403
1535381790
1536801125
1536853613
1539153093
1542188707
1542257059
1544389518
1564565516
1567868319
1572272563
1579263543
1580682412
1582277642
1582415305
1586699293
1587101061
1591074634
1607228335
1612983016
1623246512
1623608386
1630096525
1632089216
1632537508
1638452416
1642558934
1657760652
1663322848
1670186527
1681542896
1681776111
1683775399
1685134519
1686594640
1687773997
1688332019
1688847604
1690029983
1694316706
1696079835
1699171535
1705874999
1706358185
1712960552
1715172042
1718311607
1718948943
1720308977
1725319669
1726422021
1727976600
1728015775
1737993812
1738122097
1742161115
1747798064
1748830217
1764122930
1765719382
1768296687
1786385137
1791899248
1796108839
1798772787
1805021208
1806247518
1807310225
1810831468
1812070931
1812434785
1819282202
1820150910
1821002269
1825630605
1825828160
1830773991
1832638156
1834990422
1837288872
1838607043
1840322814
1840645332
1842425396
1847182637
1847661754
1854465208
1858012455
1860223359
1862768150
1868537910
1869781328
1874486164
1879492805
1884045406
1884542327
1891189599
1895243436
1895687398
1908091340
1909576750
1909826446
1910927984
1917045124
1917265380
1918668471
1926460357
1946122580
1949543828
1952672565
1952873127
1953322588
1958176066
1965432328
1974219756
1982413268
1982512713
1984963642
1988225645
1988787818
1989241935
1991050976
2004518068
2005572478
2008111378
2011863070
2017980274
2018020851
2032490840
2035067765
2042246381
2043921375
2045569831
2062027499
2075372312
2085847131
2089864736
2090633895
2094221349
2116492320
2136075943
2139368574
2143230263
