68922520555
71542654615
72530967243
73079566725
73965007613
76288883591
76569650238
78172190183
80845276525
83402345221
87375466198
87998356631
89292463514
90238926170
90734482068
90783210995
92548519651
93177728258
94971803467
97463818597
97987820260
98198300727
99244153855
99617058194
100069407099
100408562224
102495572261
102606495362
103179491127
103979384001
107130501399
111147028312
111830950508
112433739934
112802551955
117335899628
118321844846
119846993404
122437970866
123196870376
127111594958
127457497187
128509046370
133547837736
136469308952
137076900385
