99089561075703575754295680
863759364046340941695222598555037088
177060897038101421324228689440
99314317473411820937760000
6207556395703666081259040
6208134829976750669906208
1012426817253163508771571353214528
3881792103699995636570548800
99436813810224740216112768
504003635128719241551000000
6223990747304168006195040
6224882429335717126530720
1723999694862256769473516882440000
504512889886647891448385760
6230412996606896862938208
6231216127088461359859008
998733953983195858880384371200
14990051061622367633248500000
8092521391068139213456646400
240195435117482778732654522240
5067228526654238590072817059200
100116867398654561914469760
507109686965378304434460000
6265824254426140937725920
1468284320307903180706450514688
3917809458769789873206554400
62698376181517522631030313600
6271561423877825675448288
508231372367737995975516960
6276405224360904539115168
126516842427933838785332094141600
6278558924967380613551520
6278828176509968962330560
15082640618424094416827686560
6290414187569066097780768
57576228270929470052641820289600
3933514612221462889971400800
41294868539020094822348397600
100748225476493133545086080
28198470358426335547945865760000
92208836841629558029589784768
8163569428148683044165368448
6302421237283025868588960
1146659775778805980851144140067026400
6311516637713898455160000
63138844054188181605990470400
6314445467959317335726400
127245431829995797547903393633760
101036715882351780843150720
606933356444693302379545450260000
6319584647076321968020128
512002033024364401192829280
8193070102126381436634405120
101221443533397294216969600
512614836988115762688746400
1771250709405197856330539666208
101296200207225390678629760
15202189890399978105552101280
3958162849716647808600319200
3365790102827649630887531637600
8211411948723028169601679488
6336060139321841277682368
6340172739852922352474400
1623288193311947425033282560
286696937326475645309268357897600
514163301848402457477508128
514460216132237811088139040
63527285373770443277609808000
101748147338099341090846848
321950762516345261725979748000
26097516970861348150425742730400
101846407251115571620429440
9404447388165221975985922737262080
63726669088055896929858921600
41822976223720326522193951680
102067479776067691149111168
6379682982361701370507680
132355786001688817229456137728
831924508269757475283837405600
6383953112796917588605248
3782715549824758513789465568640000
517415570729537732650490400
639356897106071529399072899520000
102334770519687877388577408
5909176168955506695438374310720
6399097526689393411480608
6400964015479994101260000
33980306577664903480099481960448
1791679306629875284438875947328
6411943582942973354975808
2914318289118334122228627153970560
6414405670766954797005600
6418419481211214438229920
519937556037161573960697888
642575616172117434605990505600000
837903364649256164313122708640
4020627260514929557574404800
8561637200185843037123756163960000
15456526191827639191583085888
6438150970298433998858400
6438928370122072751366880
14898389567835109642854469242048
839375098835924590322983266240
521815014197527737390102720
4028487688493598875002132800
4034360501333415093662133600
6457927918330124339022240
4038078684250046393841156000
327088396657246058625554517600
6461274351183016106229600
103457990417863288029871488
42426558225961073467409792448
8381187297008450323839250560
227356306012730109667394435613120
327855034759321845703097438400
103643087562059400132737280
6480874751632508692614240
26552145766519884164977010688
1659982029778255413466510848
94940691695633620470885097440
5705658480118631823909376373303111772000
6491496816249727747429440
328696941440411472445364498400
1263115488531839283806906514528
6495776916309205430020128
1662996965542629592175900160
6496375378429961165944608
103945873228500682992859008
1663559775865276801630207488
7691830491157036436912449568370175008
8424967039508780849489004288
6501302753089353586600608
20230079477962831485436776902400
174932804418921646720269443124213600
6503560149857362866674400
1023420768326469695750922319257600
329306960520812983917103711200
266456614277936156672800261939200
6507707920241970754689600
6519747674298145165346208
1268282999349564210324699660000
850300740807278024319744797760
330338380296649091252667832800
104465790692558293650000000
104477621216471281908132480
42842565117325366906822642368
44210709169440524055826654818240
488928260099707962344238336638400
6537584207541692944330560
4086296584252442377290228000
529618010444380179990626400
251268627194930799021016014720
8492424147356427092476268928
4976403575308192894406313370496640
43009274171170406339485322400
2175310260124762971354828042240
12296020034835814668462855621600
8509732436290267883232574848
342768143369632186911577299506400
22449937112740302902084956740000
105099764850350644404597888
6572763267619303924142688
26936795986471923193420566528
8523363259144444789831259520
6584846649776522659847328
43217657390497988082134359008
333506527285990790718015508800
6592290853481772937707168
105510729446609633666529408
105522648611537194823506560
6596760404276977496960160
6597831571554226377660000
6609576385688327812505760
105763855920607063483449600
105800053989980231645963520
535941297522616944679221600
862835502044157192532860368160
1059551950801506934892413708800
106026782850875551106389248
6628391347056228023313600
189315538896778108980918698400
6629372879141457189078048
695954624999707102099009788288
1619201215840686745898848791000000
6956818023313153377436498329600
5374108878314102226452437084800
335935043002764872594908812000
125968367529721316086613652240000
106233658477355168509464960
189888743885301638544129273888
6651275321051320877599968
12809449009810439367631546491054000000
539031691409719027522368960
539112697963557526086441408
556059370036983036804324122400
539591329151654823571697568
6662903719138232320967520
8638929389320842202677878400
66670359347796249008512348800
6668019408205384549882848
6669991377165365786018880
16017290876593378668905918400
8663123618046667845798450048
6685359527224562785761600
8665958391496588947939229440
20807732912343741247454478407808
6691288281954154100864928
107095824653458619754773760
542228228715305058046712640
6694536651489315090266400
6696279017876859766676160
1714496106761854336128560640
8686462596715444432621863168
105597927604071945014814826377120
6193010728105447651575494903328
913328612089280208582197321364480
257998689361968576589128839040
6719669000596649801933760
340269626558838776156942824800
40589766947759972387204861947196254183194720
6726612868584129662301600
4204800566466787945860602400
6729117759499326002736960
107666451377471356867862400
6729921363242035705406400
48271099791792261742437202930965600
500535982113910509012023791117282572288
27597417917687262091264358400
16182909311059604912443085280
545979300853388288752670400
16213936527492336109046982720
1728817159375330744306226688
8754007907990718368823830400
7083216213849697258032783360000
4222996012191694396174401600
