14732678982603979763736768
35788696233981332660919623155305600
3774602311975447158665031168
99824158946720703663157482567648
14762052761863490224954848
5004760586579401918944302177580753120
306345914772007437831399049728
236392286998632005593946880
306421349983953320655726340608
236441399979173611400051328
2875163498037111774458284431840
30840356955532041971421201794688
236654993972132174991678720
14791385110848217694037600
14793774549897306077120160
14796591046134423082764768
236791551513783444615515520
14803420585006894462104288
19189816560836450954329196160
55522250627248674795793404791808
19210927775206081728118364928
35592972986895891432499478880
3795047469318892912623909888
773958646013425279812942063727200
237272704247426429649107328
14837176094461312924179168
14837603749035508171857888
179793127995997974180053334445728
1202626657365913947754794528
1559586289749020029654942992768
237918351338232878355977088
14873474062971673940949600
14876044835807112101390400
14899625785189435927322400
19316467184169891176350731648
97825954228204152112516287648
9325540006281582964130210400
14935608461482673009725728
14943947861827401138730848
6839149082985534808550100750720
98211837653720776056990517920
14973206325900722716379808
14989747721910119158146720
1214269633740140118781593120
212420523627305755489897768710820800
14997075110914583035990080
14997592439859290028169248
15000610458793842945158208
15004922704530668443375008
1215487238304427404481706400
859957062896530756101465138638880
311426184017768922255775362048
3845007084991454860711080960
150198977240337335519858563200
3526058196823266636778268275968
15053196940338494626560480
15058558315876366757745600
150628873741091991362244892800
241125526442902485775593600
22615097538031050417498739351200
1221280448227122390810816960
1221387968091359987277843168
15082096114473808756628160
17891872648657417010264399382240
9275529992262765632197096032768
36264233351570346150820790880
15108435708201120381816768
15114765809998859954996928
6007891191557047968483387991358176128
1224904970117537113716174240
2944212880855516596144876657600
15138890437960050243139680
432390434423693066489191771488
15139671933377409251443008
1226674524342264059010548160
238589733961678730657049871027488
15146880484033430278882848
15147488551771244408153568
2948036821299223518900565696320
242714085344210338971297408
768058148167453855194688735200
19664480991853182938118190848
9485468460196523048865626400
1229380602044820915839637600
314727823256983602881088960000
15184267209777494794561728
5935044337266357214242185460000
1595482158660399368668534313088
15207080934664979145952608
3895988344423513622471462400
15247197744801384991714848
243968782477246988083262208
1346986345365442015076080419342917332800
15264227717168221441693728
15268159735862389800837408
15270519311684536032600480
5066425039990569455165663139840
152717909742811283924707027200
244444042851386143837077888
100250927474368256999757777600
126830462433289738777865343725174049600
774418021580496604200313989600
15300168376749440865670080
224324582463978850606733550240
1609267701474345023248504929408
776176848437829681569528894400
245402258141578548618228480
2455254257357104563996691123200
3929127690537674332247712768
2985763804482036790888126113600
15355032019093243770373920
15361176090087854573279040
2458219756894769356292161459200
224960237498384730265787223360
12447674265285823916532722256000
1283981675332920538878090280128
9609758206200668697469041600
4306491361270299501463444396128
15389286755744913930980160
15395704902218501803909728
246756800515188529468487808
15432141690434641794062400
246932237815842077120920320
15439278185260960587542208
200208520702022016654030347942400
1251362107695151192296030048
782222425042410350007540818400
1251704914423403755568853600
226306494030252542261054034720
147793536297630168341060470257617942937600
15461937524144429355243360
441717912173784719312182145088
69248509428928947295533005236608
3961568363280834992470084608
67011888922704165980755153930156474982400
3962466700519148664997440000
9680240201602924235783560800
20073268524814461333236246400
18370362670814328910674138446400
247947943606032530975312640
63477637058469129626339371008
15502734141789801377486400
9690722634201962918780124000
15506270109932650401240000
3970253032559712801638722560
2482470741648776100763376908800
15530242227920838586559328
37288870561861811681297641440
1630655549843206871769476773248
37299284836022355837910682400
8262606251253195856278218253600
15552469969620901404006240
37354337557660667648331732960
3983119605068593569347765760
37361816298347462413840272960
12619798674379505214165195638400
15587941965153210477279840
15601526034067216123140000
