3411455790041577855364775436288
48077849520915857863419427446240
61743936912152085233742858504768
1927731368180291687361751398398208
120486498993448979026714953795648
52186039484534830895460000
4227917407914906816241142880
52237021589800606583650080
2007392292554643562013603084928
52257248971546202284148448
765100138273729842053615613600
52260987282847260271007808
52288041040405761700521888
67798784003556217947448434048
837474000389706711691946880
4241702361629175832485252288
6826638604311436011952588259808
52387328024765579555018400
25152268666226435685875613079323648
255996449786598645937779126726720
52510807908387815008260000
52540166430196972088005920
52541711956492799487602400
126236203132509561911261053920
345050132338061842990128697440
345141468508349585004557421888
52645118798918719063343520
52647772261831264303077600
771173693273056853081109614400
842768647423871922295258368
32978499092986565013923968800
1094506014743747271118400739840
52789657251454192454352288
52791208278752480822506080
52796747940969191937816480
52799407133687718324693600
32468080943351680985287195929600
4281768185208582322104409440
13535130570104757941202470400
126946822641603781134842368320
52880782636368593536945440
33051931259282229070708526400
52902750166396296514436928
52904303685128962453746240
52917177013751068882853088
52930496722398829504304928
52930940755988125275284160
33083863928650663180721292000
529363692924750700878724214400
52988466716799705223435680
848388884814705456838702848
53037144934966984793641248
53075177266520527672981440
33181108046687444823921348000
4300284820373794893944318400
53106775212641830366181088
1516913170645081576508470650048
53114788200879673397940000
2689208119159173868672738123200
127566785901286860413020260000
4304233416882502991755340640
4306999653449032598547461280
68921450532199137122995282560
68956155212393596534154621568
53224612885178267758217280
13625750593913626240168258560
2696748740885107416880300687200
13639910362546099297067232768
533410945526278379669943926400
853465373259068018608784640
4322448883327386505603422240
33362272833523218577921452000
854280292745810210518592640
4324831692369492575087701920
69199068927752147034954414720
854494842202691705050210560
53415706874375103107898048
33391607364922969904051668800
690835373277432534039379774323605760000
53468034624070382686362720
20890712153565597244360117560000
33458002654216448228886943200
53545030680949832846273760
43406038223916297618349009641600
53602159892807014691791680
857804009884824014547308928
4343324315602233117124452960
219936099785919992378676479311200
53639598690461752453674048
