27560009965661607018737661600
11479723976408230706038560
183778056994287499603862400
14888553806674947911037343488
114962825829250878873451363200
11499493302851919485147040
860585722040861538255870655521600
7190257095202323913819540800
7190469116429211148243108800
184093933094228353815282048
11508751285926387068092608
11511437853379313607270240
54252543266316708754663236287801088
184220623771550220852466560
184280032531031353131882240
11518722230486999027940000
184402290018081340798167168
933866718764281757308893600
75646094079030952038668428608
3830005365342581409026160850538400
934126676590598944767751968
11536983709677073366931520
14954539327073102721115277568
11539675218339133763216928
11547185599989858677348160
11552856239561565638498880
936225527272773233019971040
11561011442705888133899040
27083144332292962164911004791424000
11561437050040768646111040
17357162583163002009603246177600
11567609677039190646830400
185109290376521074669031808
11572294008090253703791968
444566603204265466963443608448
330752624516701765338993907680
2966191141954485087125783040
7248508740505538333952804000
2969097939137814305331353088
11598296578525221029720640
11601923362920197651216160
11602776847552105136594400
939867174019134740635054560
11603843769560370993540000
116040180404854696801716393600
76211927429868233627970060000
28217881039089692355188489112240000
11619856431075262544460000
11621209369772843359759968
11622847295738585476941120
941512164760278739382721120
98928763738249111084055061911808
762590569458861717507284582400
7273658157880345011711691200
11638166718065337131599680
2980180597758031699526254080
11649077665755413626766400
11652930419549184751761888
11663708933336598891482400
186676759687855530260407680
11669565297823647064904640
11674780745920077953745600
448694583897105885413178545280
11680569795827465954929248
11686003454396316191916960
1522982666036340325396356342720
132326354506016874392096724482688
187207562498416630821702528
11700884214206938817354400
947897243929418378139381600
11705107785076183316712768
948278053253687749169274720
11712412248620753730076128
1982371643772636572637917116979656038645888
15196010561867148131787274368
1528657156730898841919266581600
9503444431156662699133736966400
3004936115493480441724136448
11740157339077874958657120
951328660011670347509184480
27194787606167510632265044162080
335951461664894716002709427808
13955336640786161420681501299680
953475836752190655818460000
11771618192448489327284928
7360029931405041275321445600
244238254705469092271345902080
2291498935909896003657873988320
414201363118896350132424630441408
28291706274825332242959208608
28303826218141306729281000000
1886180813216805670723579161600
17695175245821240884368244157600
15287902989909822845019734400
11580085608709747863340658010925728
956116769284184213969385408
40373408589453902441358146973600
337448239441945772408191486368
11823976986305617032065760
454343436510084480560107441920
1241703190010435438768513512320
133918268094020179808885444588928
189476113505610584238854400
959375424739227824123405280
11846139605183070232533600
7405526046102198236154573600
1897261606868359144030622745600
118607789294286925256924179200
338815578105347652718636500000
189823026088257204162326400
28511231191184218830698987040
11878464644915400489524160
1247132505382027248056482650240
11881143280680664325702688
77984276761628656428778183008
2312301831358779662046019179840
15413598587152120330647606528
1346125459017444584510521967012236800
11896789765134985652541600
964019641582507403233106208
2230278731654201610675702978048480
157287637095649896395176815217118400
190686005479016351640352128
418963516888496694346722521199168
17888807121568104786779277108000
11922320845831707448056480
11923119353665651296559680
966117677904672313464021600
11932268759341433249475168
190945646469771541499614848
967229788429179463845983040
191076438520104484264165248
109310936033262393217852933783200
967634073323046513993990240
18002574490323021282343979337392928
11962149854623199827797600
101773311772035439209922609046400
15996201455511349293757583894400
15514133067792116183050144128
19155235799564266676257657301760000
11983194716301706251982368
11984870758930786371690720
191784460106628381601614720
49107476370665536800022007808
11989827043718763326474400
3978351558386316809546246719488
11994128595010809817896768
11998285430156311315114848
7499685137730021185446442400
12008718737079554245675968
8902411498875947251078940187441600
37389437571559779899935630761600
973778649378920173114522848
6393277442716623481325466002400
15599218498636248051899869440
1005356399435605756848908839968
7524790379431227153077486400
975306026991721066721640000
120427617488347029633001670400
120469751131302522501340588800
6100754935755872760721289580960000
88112792896193083706833807334400
7532096395675206065138500800
7534392624962876304004903200
192943875128720368362162048
12065820758013366298500000
381799094809954602341296915740000
611348243257890671900115621600
6420587080584786278546136146400
7554073870026181445196062400
79322819533140368137359240000
631402883601840174026369932159200
29048976413038041511221931488
79392146289563573936151409728
12101823826239684208972608
193704068189014585879386240
15690521211305039997470778240
345905406412494255592858438560
193807477259374537418482560
251273579147789885934534701568
251448468095960974925565649920
15736251043568208104550668160
10877446616445767909689163534103840
983704962618111973414190400
3109576823866991934991618560
984150183316591356388884288
984311215500704359822833600
615396582719320479727671489600
12161688630627663320661600
347353064619515446534577366208
347353226495868644483653166400
12166920763886820947910048
194749459928810680368908160
385248493661094397183483707480000
194815527059484072162422400
3117574710703322114223111168
986444268861708534874403520
7611763085185429205273412000
252555924794195972751172697088
12187054411560075953108448
12189047008402234140097248
1280847661784972580280029471360
989135413212126003053101920
1281999452178691501389458640000
618622051894924861754644096800
12219704711380509489715008
218243553414630398895244549490400
195789010257199422064087680
3132858669919138262156379648
1594870740948763639056599830080
29385977596646246694979032480
12239163484031799649585728
12242050982833595735069280
