8603497673327317827498111263030208
529170994962237032738436480
33092812499956709456393760
20689799035124746212920894400
727969264245322390753433955779796000
799707028556033863343643825585058560
332048710119844623232075257600
531332524488270923617001088
33237442210791712767958560
69307685355928287011306852816640
79813789166302462036611518400
664627774784847906487426832874620928
33263447467979526045415488
532303546118190059096978688
33272537238545072011383840
39463963171770100812742137198240
8521356224468095124651896320
33299974561050897751091040
1232839383591544066468539361749888
33307189472841804655087680
33315033097964142476208480
7628496440888953758360228332450400
33350346555964734044002080
20846361119312101942213077600
2702098823906378934666510048
33377674874188778796189120
80169763239716202231291000000
20875327609218343081937004000
33403762369425014542055520
1691273454657193784658212200800
3507682171300167218793858355968
8555443541334899345970240000
39636011401216992283232658261600
33435685328693201579227488
20904343944835672208511069600
2709433251565927727751963360
33460705000714179006033600
535390797949048570472138880
219560012463838475837630214720
33464797603228496710343328
33481171767668880793140000
334866915295432560549339129600
56254958287849610221910993054208
5360453354262258509835792192000
33503853606696683442651168
165259749928246746111283971998244000
2716131274050053840043188160
43477701320719410330643701120
8589633023699887901553477120
20974236704466902277038973600
33560135367174920564595648
33575755464823099558500000
80619719163087866716459797600
33600853698469285486231008
33619331194585214987079648
2723225536086706521412391520
164066650859208724350569017051488
2723758698578343146990039520
33634497907919833719107040
8618742179057152262468375040
2727488758417899800291731008
538915260482537978905670400
336990057848278355757941155200
337013952807618396054577747200
33703286395752214023178080
539279802816023479463036160
33705660292922670374139840
539471008273444620174603648
41233260943223628739786037172022848
355954899682575345937219700188608
33724180994999439287232288
33789459960385559122820448
1711004573409910282839714458400
33809760085425854707045728
21147820696123140141332416800
2743163412087563260392040128
967519705340968527853871438400
3556587332896929902765187848448
542487616570599997865288448
33916326845156737456440000
2749300945117953143255061408
33952753720318002760996128
11267165162382919727743607040000
21230776836721802193885333600
339974843199704285526406454400
544025507248350109149729408
7056245925422053235718755124326400
223292323763116747584745341888
516660600438484772538764021909898528
63831933788530752062146379257920
34070027469211867997978400
536803076784535500921487944066720
6628501462295001474353438934048
2764681208839303277838158880
34134529563046533552972768
341410726930441119210730310400
34144596306474402138223680
2766510624426129658189457568
546741310646705013839196288
34183286089539058735225248
34186325108582222969496480
547111095710113957939440000
976872944934256546174789333920
2772103729842412181841332448
21394899154249996374459784800
2772920729528799021907394400
2773625482747075067976342240
2775649692552301730138279328
37623345557439340360268500193733888
871933311885710367072824504961600
1708513530720183076337985597742080
2779853029324209064932390720
82435867727976244528336923360
