32854801185558233731459209600
52577489377461567372543360
52641359898157459950638208
13495140780877523889252233388000
3291363448302827968395360
52666128126651075469319040
3292690670894675069912928
3905630350940739629521963061280
356663925683695143897449515843968
52736721249132092793075840
400848690423688447718088980424000
3298889684441938278837600
7925318146055388117777349920
126898360945191221064223305600
3303655578958245305279520
845974499004336585695462400
3305846295141491918591328
5953314386980232240367030568560000
3306650755416435286860000
2067048613387856266521592800
3307843846061137664006880
3308093603562113415996960
21726725453986871835867652128
2069911455439630850643156000
7789531805575099231116265105672708038720
13573788210893428611991449600
67663085343093697232109694084115328
53033142721002040133771520
9046922448823871004618741248191910330880
645125465293033700496944108448
4302231733760078931310764288
21795686092232147412276759360
53159766788278305230751360
3323801159772261713737920
269420447450383807467379680
2521355346744951292045801234160155778880
13632143962270581893706240000
95122501003701531356491535040
3331661931293051889783648
3333392054074513018106688
3333643256925392229537600
53355823143238038778800768
48842802386569785017220482400
53377268241156216281285760
3336742592946319570219968
2085841223803590311013679200
270362888323195277936884320
270363642660780684208715808
3338754128282280244856640
3338921797269965139602208
3338949742715204958146400
3339145365743651630889120
3341717210235792015875808
13910033507540761755765025055038848
21798346097537179649005687915026526848
13696215785775452833678215168
2089947272853125815258248000
33444710086245902450214700800
105906809177759722706531698860000
857103055637137691151321600
271220077855576689131724480
3348573390211566009071328
95641373433323104451277039840
117719646647287597431932989063488
53583335811639770164680960
3352467910559146819872480
3352580033348916224545440
271621048762845164777340960
53674589173167531766665600
786281544332896952570239371648
2099580870720549495683292000
280579074194123395776055016640
33613609614626162091466454400
272412944682115051273279680
3363216431942188561328448
1292322462386066167170448893350400
2726269772257572801807056112000
1116837157895458212106325329920
33675441628589715529228819200
3369008299092983282794080
49371201045710867821351740480
28691869236359407757244019111680
54023858161542863587432320
3379373549994654012060000
54070540780122781516694400
3380811923313390872468448
3385722770509292934840000
274487607532035406601733600
3389056158131637775013280
3970736308130415360664665196814400
54247848863931764123760000
659439466492774082093881227360
20262895904473439417277740798855040
274872337238338179126212448
4400319397454975577270407040
169045731005979345269098867914240
3397711834545133909597248
185920352268953746752407244950400
70493587524272789435481638400
97105512314610525299208629280
3401195744548858952487840
64571750145426298833453954873600
3405646578249294027649728
54490458704775333339385728
3405674941501314537633600
284546000179813632801983726880
21567326962415667074407409130714240
873504931104551024644062720
3414078254661909799731648
276871161752495919981868608
34206626929146965172560131200
3422667922567400285334240
3423550559805660213410208
3425230889393921271343680
7924497083235424909318028241600
3426341955251490747151680
2142186806527249516141684800
3428165828530988904337728
5151456255245625842739028699200
54945917621956378877408640
4589586709641341423700336968448
3436353715882801586077920
50321080997213747016815585088
98246489341597744041930266400
1452448042474273882793642440918854022272480
3441696566689124579589600
3442840230874132599170400
3443726766643796466633408
55121482442696840258774400
3460632205626327156799968
55400090360640625495209600
3465198705861963833162400
3465514794316376398774848
55462836189243901228237440
55464675698294373431762688
8323766831680889868034200480
2131009563881804023827993669120
3467095560971486894818368
3468101784917088457547808
3469165745508508237410240
281054454028494383547985248
3469884776372893495880640
3470287482475491470865120
71967909350273646780380183040
888551013380250749488708608
3471869881524029417118240
3472100093732278874781600
3472704455249569836130848
1845743741729651782662440591808
208349467947599000415531108292608
4503811876409089613484643968
55632262656835299163279488
2459895355065413509627028651040
23558154383615333539835555664480
66173061443822187716181744103680
7279876004792058133102784281728
14301874062278832451080941568
282876891287368436691066720
3494282740699304696641248
283270405168783744982677728
3498969329462213748343488
3499142997309185870049120
2187156141442768352476135200
99955176635561270833604340000
55997982725634793715725440
56112943589966809056900480
284178454640975557934182080
284185502300165850724713408
3508936730722682163777600
8433496602501620080913707680
284600762331348042463242528
738097090384116814904936743996109760
3514799596356810494472480
14881196808659658694444691475211200
1068832559654202288716297976683520
3521047843273223188931040
56345490290895620621683968
4568251836016258856312853888
3527071465115837768171328
3527741233185398200023360
56449567942649507093591808
35288494719689908541312582400
4187025856201812575648874297120
286043592388376578450489920
2207762887726448636218776000
3537040464838262950511328
69955877816393816589985719747000000
179109161767788043896893426400
3537974316677351216598240
4586277051588965222338789248
135961397181444001882409455488
179286629072278498713550202400
2961641236941013644836581400352000
3546416544765573344973120
32474806670217035485192118416800
287511649605196823621037600
2219625825642538893206172000
101511899229300048506771426400
8534438425446019354342589088
3556953936594688376007360
4609929398160995564093470080
35581393953914982967477507200
3558214137575369372973600
909535379419221522436304416372891968
56971651399630117263800448
2905498641181648533370191900276960
1380581859165272373597034187811214571328
3564314721647921146532640
912895716985834229803043328
3567602898965030427770400
289251090106466030734857120
3571040299059490235071680
289365374799777246357629088
2233285517661521005766162400
4634181454942995431492142720
234456633029378079969384898560
3578864485754159769406560
3582516241496803034017440
290502124206434122331625408
3587497730182919690330208
4650623441400677192702984448
3588559546534637978240160
91259182722744641963041166889120
57476089908282400682920320
178853254543376698268584209369600
22465021593611439950016016800000
3595762515831438819599328
3596560231507968779816160
3597033014536624578590688
2248670199506817905098845600
23610303187911341621520147360
3599870691635488986962400
700667420447799416177010889920
81719974812548925576032086622880
923404790014145995882959360
4674984607592280145291720320
2029044764126082435080295691231488
57727784553749810482176768
182951806684971687518869192800
2260055869740655700776053600
36165329445857751960154809600
138941180746501191923155562880
3619068952127656780948320
75048219937737589888755952128
703935551885935818767323370400
37508991343834593720134377531646880
3625634033639673755528928
23820459271992768546003854880
23827488548812207762784893920
3633249995180758642802400
238119464556915889416269119488
779537618623715170154944607507040
3636853899879407492741568
3638731374100789709110368
852394815464438251040909309568
184216006988781465237580605600
109180151999946246956885388855168
294919970542082813540099808
3641921765775867330884448
58289004242213614640731008
4722601605274866074367640320
3644218952880882069135840
295217187476751881015538240
295397721392393906120324160
322880363299134823511204639601600
295579144606925534966170560
295651737286740709768329120
934859055344254263522789888
13688152334599806262110637440000
295913988848666788142713920
935410057177436879911541760
58520618268876228046982400
3659281934119830858634080
3660090195116527850771808
937185248165704666562800128
58581683881372641490502400
712339109167460284068352829280
2289776338956025657422331200
58618346180956766438820480
2290525427318382290695934400
296989830655548219200259360
381564080504071224492302839983168
15019531283181215565721866240
4752371514511748111143281408
4348980119235077964282419314848
3667520486779004527219680
3668150183818441663388640
104780136976488558813211095840
58725796196793417452807808
3670369762568904544196160
2294273626434735594759950400
3671149853641126194270240
939826845047078222370106368
124291908687819295305308436559934837760
297478197433662007000902048
2295680386391291324400206400
3676854294427181800121280
3680761161436006912611360
58967858043531004058501760
3687018623597078788500768
2306200888009267539332248800
59056745035973244112264320
3695092881533746737198048
59129808646885153837545600
3699074625726840093262368
47942057160366618216622074739200
4795053493051160496470678400
1265787363723803648083260835964928
2313083671175700965480030400
15163472443824144917778782208
4392293747493619679501794656960
3705446065559965154207520
