9054860430264457982820310755000000
370959274809028599255373843200
37105970485193831980521888
3025887469235794710164810261947200
3010992658652655361119315168
5059123094783321591477527320818688
3012275907426652125545684160
23248521025560237790945348800
37212393219967093843281888
86088999750874105446918493863840
15570992395196683621645560960348480
772193190218319466096193699328
596176649024455775258757888
12364596514301235063788645222400
37269700608315759943500000
23307709228181362442838945600
37302989699505662880501600
89609003006630269118218500000
3023391521605144378182883488
37343820585293937192873408
89677931895492411972265705248
37358521068062607993333600
547295444974256311981720084320
9578040674296521209026521600
23388378759637891913674956000
44462707171950084068268989579808
600150536181130282828118400
953352558239617375750481589445440
96068809752277275941150366208000
9609264073643444426392888320
6005794163720236859056612838400
153796477100673822267337796460922080
1072395312018425542315428300768
3046248467169072108104000160
10525505143570846619675942030400
37624560168750952329759840
37643813678292268122861408
30506368248996066366982760390400
3050927321254821050001962400
207177628401761786695120626611751588508800
585577968327261469084674183095396448
48968785406897225971833932928
37785002064586098936916128
37793106585727797449281248
186384144774471483241559601666331200
3061511699844036392198481888
3061888891442249185345216320
37815357609746282622621600
1453043117731103366266685499648
3065122060579760993790739488
634973503360836943001867249123328
248414090677633390346897040288
9698117366597278496222112768
3069276755644305487283520960
37901521925036895694208928
3070069937967764604115182240
49122145586237525825205345408
606631071592917256148841600
37926414332262666304064160
1921158832689723007481047653600
9721855474866031009859394048
37990603343215291099877568
3077346383414551599317553600
4954098393298375070210709145920
608602754695668397833514368
23791078993575338471966455200
348383432349751596147483944210400
381129691190319141353145696000
3087451096480504340346247488
38118357945533316968777568
301109913630142208329299018227520
730813394659655943163643518906076160
38189394552694347065930400
326176413031411568484679473177845760
91708833454254872863174440000
1090993089292684684249523260608
57339920569364529420737028504000
40069550366860082439749295636480
38229211437435149787509568
38230602982914315582509760
559740509380768038403194294048
463543884876572323622182774605600
3098980782774333550683390528
49586079734803904874037822080
3099361431315112425190568160
9800773548663896200090249728
12720605811336668818544878936476000
12714908526631521002138274736128
3105376568396468703431823168
38354951495612011008179808
4028079963578965898417362200960
613988265412792703161204608
796427272016164624745770560000
82087872873219873407009336021877600
302973768219477606178518012079607040
38423000913545010031109568
