29313011814553047219637440
120082771901498308984445521920
607958136059417893180958768640
1921921996400457488514876825600
70417018244270500966524060000
120129487168363210036800583680
75179409917648471591448881087100000
29334539475031445367540960
469565436729995809293369600
75131150058298718209874060390400
29350514668849420713746400
29371063790318706660220128
470661986321085312005817600
7532645247363365275062819840
29426200081166706995486400
1490974422828174960648055120800
29475116232387695185757280
70769901343329335426253360960
29477406199603058735556960
471660827420981567553402240
1492591755516276985159601325600
29502747865674484715160000
29524809836525820904415328
2391966182326335309316173600
1494984668431793689842923246400
295331865957808891980988128000
3100644779576205696268262336640
29548318005090728103566880
29557782569967162750249408
2395838176746587075430813600
3877628550012068047586199518417568
7574895936139913906671469568
29589634611518818408231968
29594658678043447292985408
29597099169757688223940320
2397442557589950354315432768
18509818307492905091042232000
7585180563851510579367360000
29641485007049757201066720
2403409851692356081899250080
18554294003888517872539821600
8308244626349544823620784010208
294834733686788833486044864452346900000
475445125305361292162040960
2407470703504605061400151360
7609043624691270725357982720
2408831947108286082581945760
35268480023078488038662952556128
71404695067748965105424606400
475841516923921382841035520
18588941586501821296631102400
29747407677435419417891040
5769414957123710354742239562242688
29777826384627324976814688
38600739409006352918934000000
29789365640872850244387168
2413004833694981487264716448
3127274036271691847588520633600
29800475342104904366044128
2413947596879236981376294208
35357529126565622335713515979840
2416683952289196837133080480
437280271076548276959634298400
29878908626636638829385888
1148044990890904161761719305600
18685941764921010664923938400
21146131151860770612145798574400
478530592536684677760777600
29956482543249584873460000
18737528163265411522646184000
29981407648873213921043040
29992426020986100503264160
1152738006080197570772311106688
89457261912489659458901679983595120768
134390094090669992596035796306560
30040594524846961294245600
30050903146610789899904448
858389447761784463027348444768
7694048891459094583507342848
480953286650211421077604608
50490446252628265016656799536128
317329544968187120159248774779840
481353117174262154387456640
18803278515849483626110008000
275427703349934125033876078452800
30106848217852220059579488
72356245569519090162766630848
2441561360478163174919540160
7720553502629384221396558848
18861479942395666833649156800
72495752795772376603597283520
123700814289809006682117163008
5876718933539832030550147063968
2448429792353617585480865568
446818784039094541235181877156608
302534809681199936595207868800
2451014112976717922941140000
2451971933748252084394824480
942187864140599100013044281965939200
30280117256283400152060000
160928720713746495857248530328339200
30304805636463338286427968
30310651248865622857276608
628632161646214371358470750720
30343256039138110931261280
124313201346440711444816148480
4937102323992734355916299605091691200
30375447968952655389545760
16154779696856901979680433500000
30404003132948248888676640
39407844011974291832034371328
486638101624460909463849600
2465094264527918319850094400
4869370282495446951736193318400
30449879919841266072434400
30450466540430626334438688
487229170128247557370660608
30457946695942658867066400
30459560243477792218131648
30461907336153531042256320
46831216759844979636642990795977088
73186399545185400656308526400
73208602755028764149268817248
30496836357688579966245600
3974541357779157877531847909280
30507996487810228854564768
