6033753946454392254542183189760
989484835552919428534078713600
2086483813724535142800687840
20865290450744762297445608726400
20875072000675236401209632681600
6600438207450572349077388288
33441352590604998429683118720
412901109740220449982622848
25808553973895333544776160
10083464403914174010081837480000
2091203010056979487735986240
25818400963049505816860448
413513909473768284782966400
53910164084484791460903558286080
3370028368106439303557639205600
25894291217762883603146208
414336192557528290897486080
2023088590943988239057943556782720
2099082612890705155169099328
25915206579756872779713600
6636576112808737729164088320
736350479069638363415753946839328
149515522716963891362234349477600
4538268140417150721311551837041600
25949269841910257447400480
25952912175603257607842400
19179198504870679444357573879853731680
2103854789565299891011665600
33663968162732124571837523328
26019452143666616508116928
2109145619480749167717667008
26042008338321098702206368
26042269189297686874552128
26045660430321821700380640
2175746701258906654187058068640
417195644980879550980460160
33793242021971796385599177600
8662044724882868320439696433691200
2112979244315066289634127040
417495463678315849102370688
3403885985397117894529449000000
385976627750719773928432476960000
26132249038933295672702400
261358386905065491970752096000
26147682585806825422911840
10215702673604637413683476060000
418449270397370204220690048
16350021465356060833879483200
2119114017106173198509666400
26165609770141564944782400
2120100071104768099670215488
26200967701785222488234400
26215251978373176076913568
102488325400848646134675799700044603008
543886154844519362798218963968
26233869612221417990157888
41147256430774057987048820670429408
26243575688901811958810400
26247773745302591038021920
16407777921795385670856223200
60777786882580031673750374953920
420463676264801766785274240
26289387954450875499532608
1331311710808116803991412152000
420892449356031239977977600
26308439329702602184878528
37349041722769832198924580648888772212480
421842591116723299518702720
386084220456372239541198634560
16482105734388294578978954400
26375529883316985925329888
1583825875599970227831701443932276000
26397131341401346832862240
2150379390964700678862766750641600
5134693541628578712181491171168
16513413764820743572400376000
16513809311528976710336673600
26425470422366509264723680
423151001867121691788987648
26449741518026463355947360
423394885321722400977897600
6775817810564060098539840000
34306220826081852298778020608
26483141569290803158053600
1340714836899223907890098290400
34338829686271122823656370560
26512210795963106874660000
1198949645542928400763464362174208
2148395757891241576187197728
174108467434230418398013837728
26554933057493231142867360
424985345850635949437831808
16610038706234812767457269600
75156699010694832054297542714400
7443072478034312435014292045760
16626581566229795114368814400
2154958120737890499995042400
2794117121063719914436478904960
26625942110099968931109408
26663092969579882714454688
6825976948736687262342681600
761617640193027291055290356448
2160176524331259219435044640
266944426618756886474354832000
26704668328466920668766560
427286920761016747783799040
26720886582224104164320448
64157304761195442060335799840
26721551422297824743178528
180841002614764429686630543402048
26746558413435781840391520
26749618983926294255438400
428027439374265134379397248
267742528286171938204154928000
6856478578898212882590102528
428605839636180599518197120
26788231324964090066685600
4288434942817018738798841625600
226059196268279242732533545749385318400
51164581793593600927874818896683040
6761763599569637623442357500172160
26828352466844359718847168
26870922052712265192540000
26881071491038852638908448
16533247343770278247591950750720
2179599906822307259523438240
