4225367232499647644065608000
6763737765772644262957728
6763880119793407649765280
259933222498321861728806286720
1083753183695615315619306931200
4234416671882099078680682400
108464288673895936380165888
677927970594540485712730319040000
6779315117884534701730080
6780693677219402555181888
1588690788362586270061652810880
91209727233213999318410480572510150149600
8049574144892850413098069346400
6664778046703094428097745000310080
108656062065630394417111680
13533507466018570452094735426607789568
194079943862972747782145492640
550571046642478805253438240
6799110444810410347510560
108975867768259509623450880
2663157454524414625184271480000
261981574009688587033883756160
6820285942362143980804320
552507624210048073331881248
552529542873758259462634080
6821384217068834642042400
409129286679044293432839554734080
1598576471401043977321808955648
1747428381061782918744960000
6830748809881085564165088
2266867704792003728817623316480
554702720810757768411342048
6850560812815919286360000
6853771150288782817833120
194698327664608167463705637822400
572687913226273487102138074080
109723036308595094246534400
555682286320876866491601120
3960143485537115148549640788866400
45025300471778719105155071328
6867055716610811143176768
109907258881109763396422400
16495358035404885038304947520
8912840782572647791434622080
10429663838295331488624996234550992076800
557466165731875793613520608
8921146148799346765068554880
348577331308220378871991598400
1412598466230125971947332322425334720
110177486743876914638465280
348630083115870151232894743200
6888245349243535212014400
6888293453950995749745888
68905330069510920478814851200
8932377994038880005724501248
100918750177083812190999316128
6896667509872455572798400
559057895904456315912662208
110460933179235661655440128
559245229052531802033839040
69089512136732725586699337600
559631752354077869927160000
8197675628675045143607988897600
110791667592480263355727488
560967252355547061132060000
19581493697015275593185234677920
561990359210013427517018208
4337794502914796853214958400
28450560832034245418761390080
111137859257620774895530368
8243072789161285727373985750080
28512302836731010171609295685600
782610452152821754396779870964128
9015746153239442983616097408
3814495379175262223275756216253280
111463902142683198938269440
1784911693231309034501311488
111575720077662106130438400
564921233888728726080279648
268639389304407363734594617559426208
4360661828114340718762231200
565381528277304666495960000
111696562370897346594092928
399972208724112134721718023029568
111752937172175985905179008
28657325645835839184234024960
584485863911385469263261214560
6998823829784193741549600
480028710904146593057657338455360
112001629369448394013353600
1361597731111120457410112145888
7002767953764263367850848
567889879806305158723730208
9097419919934928429441659520
112335425888630441610693888
28759505554131868768591933440
269875396484434752415890084480
7026907167301647547472928
16872944017343799165528353760
16876227130807178373529251360
7033257092609027149990848
356066391131520124458441816000
1364037581994592206401178409445760
112585480410903529110152448
7044746724002561577984288
334381785907462262195061718330560
4403773970666739144930168000
571545704563819855600449600
858074910271469751136310865230400
7059875784471265299249600
7064581032560030154499008
1809692372112149221167203328
7069190533230165504122400
572701115357931516561203040
1810094213514961526639950848
573070739469673884439740480
573083990966181390151468320
113203019359500223625324160
4425685869532973776885339200
113329110579666892103832960
7090796917448112766500000
7094878213319879630128320
147131165817867917450618979840
4435055118009883511793213600
147161000652167633668853621760
7099207294344152309195328
113611921385954218602587520
359513298814253840243769967200
30994452021786411788406396888016608
17059209304278931930705726560
7105458437638639402061760
1819055658349336022128719360
5812712890306074877286959734611047968
7112157151871406645657408
7115212548786827048692128
7116543432523154025015360
29171061106243563495228960768
7121967481330492302177120
577208375576403113263357728
7136677300652274037637568
46833608003660448016925017440
264332787900666692070041431793280
4463715499351771665622488000
75449130421669851671098816082400
3272037298374447369748040986368
148501252944043997730124313088
114661617798096830891346048
7169882485868725782519360
148679266139456183917897190400
114753220984675263355833600
7177569279807381233918880
13460896601994306817352165457600
114934209156517730033628288
1839304797188328718923594240
193209972164175059179066755422208
5824776751709773242925157904000
7193756511900436359760320
7198180479345885100374240
115233546338352012899484288
9340257637317200469637956480
7211116117096919331538080
7212510224924973562994400
47390431171331512952319675168
4515211494840404503479079200
7226811487686849173855040
585443093736010174520547168
7232398233526497440582208
7233496010539719372070368
48955353207075836200990445538528
45234777272849665640802463920000
17385072016575377104100244288
29678623977407812585551360000
7248328235100883062651840
9402413243208360062168160000
587773381024202935809356640
3209395965406536041833160297620800
66469853615769017492134254976800
589195453764836735904937248
4550210857091290910816589600
72824762467680842169523977600
7295221466806784801057088
280423939512415907201629184640
9468016478278812482325137280
7305572459792250760701600
1870311816308365717985338368
7310802386098821888994848
10972440028504854388792255024800
7317041736823780862129760
4573446801662977585050530400
953626340378706270522219731520
1423275460444806694697377119168
611267362038276345325561178400
7320515362570390110081120
4576593606000688853948522400
1875155878464333671946600960
3351596887084026029880434390400
117442149066985418105760000
209718374099264528517152204448
1428055817605520754257919950400
244991005778427181548819997017600
770899329288085132981424269440
7346127389268955228500000
7346935157401938367442208
48211044797457346358981796768
595419428753494090544731968
7355168091972542272688928
73561054685720504978681961600
7356229279720470402660000
9535250557907123580114468480
