5425847292498675729307527052238400
22339299134971199264857092000
35769777867674401058460000
35789142808711562333389920
573235074270417002404915968
22408655540909313340614261600
5643641291313124125169579818590208
573923278504920636359760000
573924605122480107410149248
15443713265448769238074874154327388800
22423661523297833743674976800
35904667886090162437927488
37652343033847068565205552824320
35918277435451444336818528
35924253581552560172078880
3455447804829087273483421454912448
54017056177458000093970561212000
36018143606120854157511840
33033045449688857907778896835724928
36051922443305400725940000
36053254115428711185167520
22540504949585122935486136800
46744238590484491413385977600
46744526325053355461911347840
13088036394883130424998768164310400
4704214379031664464769906785120
22567052816106514314700466400
22209346128708015932289647620608
578222929580401481966628480
112517162408956916616055462919808
36165580041992335214575680
36179430591870216824474400
36193619012820609375000000
36199128583040164674131520
10130817020572869830534531606688
36217665390161396345496768
10143721812753246499114385738400
36252420197219186321895360
5803074810210147998545693555200
1394214485473679472253052640000
2940356300616471289287234240
2940559596567105905585999520
7064477762146074971545438440000
532005059436478554725971574688
2945803753767701570792700960
22742543065239048587375532000
64334617514435973656133405700408800
36436132408507042993645248
29513631934174783681706302396800
574329931280762954472462196496160
1041824361146123985445632926400
2955791508666302019429787680
36501780811994657651870400
584308787583730128055390848
149597033748539233982640918528
36523795372481239593690528
2958531809249223597572280288
1998874660810223785513759894577280
9363238995803853157105543680
36583503208315479818290848
585451173003704743554960000
9519432204108239010327916121460000
585634325501768482577772288
87890110139000548760655425760
36758166227443126935763977267381888
36616668419664115238691360
36625594888096050936646848
36628795340199088438845600
2967487336981998982080816480
2402022686197859014494427668480
12166205719761683703349962485760
2976011854213893550538898528
22965474520998919353679437600
9406735089559577084602560000
36763403840561837460617280
9411588136763694104797736448
43016092602294068004644796273717657600
120005146294940481643733034682444608
30723831116951264638512265109788800
1164212408110888789439565544920000
36824589016202167818189600
2986483058314120969861844160
2986734450297549438204899040
8717691216835353893872014649486848
337431454935195011396701288507200
7175195249835439050429116324448
23060600151721330801471509600
36899907446638534442760000
1868765074443438185397551047200
36916679380761180567106848
765678053081720596060310842368
406957608580372620289322949695208960
2094422864006339110285801306893527040
2991385777240327069366833600
47870684819918051777407814400
36937525202075736551694240
2992168391969267306376261408
15894598802489144486829219283181568
242582476812312272749136033760
40589972422764153985105383843086208
37003340603894032037762400
37014374975370333088500000
2999218836795843108674253600
17302498215385648923209798670422880
1875908938955160553750691697600
