1294028711272113189212448
20719782514736131554000000
3110773639743656387395779360
105048153989541519745659840
1682619965717440841910419328
1298495626376255880339648
105181861558377728699542080
20776865862042511149696768
37093227731844099173830586400
1299059965264778709566400
1299734660326845608040288
1685859150133369693532695680
197586722280611323142850337054560
24701472171660301562582425795968
105446681233781192033496768
105449659573672749847498560
65989983608451652876076916000
105587476746132267085076640
74714414237413559389872325362240
27045816579645125477375946240
1305639094629485712489120
1305887851953257945198400
20894371481836774593191808
20900563942506345682886400
1306440773268165008760000
66178794362587289307764719200
1694445140315087790005946240
1308654214541885012894400
1309318795040042358237120
20963450998919977414600320
512018062637110281544348680000
50356821523970638209513982848
1312201569295509488227008
1312395773011999749933600
21021147989234278977872640
1973141073304668563784724236000
106515840086699058045309600
210477674719884810651564364800
106576997164181908353823680
8636547218630337355766709600
1562271262558066078636779453600
37419464586401366271809803942368
21092323070109688213850880
8649690772232578623393073248
50689318378805331571314810240
1319875089814979326601280
110247144006002856024294360000
211215068749761718158104179200
1711941286285963730426169600
21139575993704165141416320
12098027357707563056748277828800
107196047879696715966552288
1324045605493817957557920
37845006539405996012148900288
1325330827178901251431008
67124497796398230297524503200
570162846988712043669240501903360
21245065748137441265935488
829978535849710688341087200
1328295987061181119348128
21255703593702241665015168
21255815592266903668951680
51047968406086860512533315968
1329948560078381386385088
1330200782973595754702880
8315330634943661888800602480000
832081638161244191506632000
12189554334935730368914080050400
107927612808142817083500000
107992029811162307776257600
1333539104450013589329600
1333876090322188561608768
18471065148363920834035426139328
108067472225951877750466368
3203937158353932264341209440
14098120688749136397906881073600
1335576033567133286306400
1335702540516422769740448
1335758768711884843081440
1336194597421042378581408
1336419582994600804260000
108268592091028554529316448
38178131124204124604773809600
1336911837989237849726400
1733259165329611902839276160
19582471017279629208137108160
1402613198670315800115022233600
1337812313073594156646848
1337910830125953079109568
19596071530733451344150329440
32175308352310746933172943404800
1340248686540906328513440
1341150846605204479862688
5494649811111821759189145600
108703283362140190204480320
8807763460655820067174827360
87067677670626706615238237241740712412119360
1342631939438361503546208
839159073724260938495246400
1740735388562456582953125120
98239947943083913822165982844057600
343993382044770450715788288
1344156628665656232726048
1344919460060600831211840
109087718143533937488360000
919490261992090469530263466588388160
1347379681175580209931360
17475964114692178782179299699200
843267798264332329297533600
345412551995132252724208128
15273250079911282572373526373120
1350126664200570226571328
8438645034227876866331601360000
1350806977804085880283968
1351331561655506123038368
19803215788719360874925265888
13528416557363301101458992000
1353062353110405214031040
21654505301862720568533120
1354127189132945450142240
1354354435469249030407968
347011633163505602893286400
847611952023302375020927200
848235945090579885129578400
61362496129888020621926924999040
21723638882680086026640000
848856724166992826455716000
38798089419485263203751527840
1359175943587835714533920
19906273432949796855220526400
21758381661733250371305600
1762767456681049830102960000
1360486653442644828540000
1361270682613170780897600
850860122521539551189448000
3270553495233332967040404960
1765480630867128555696183168
1362297560181983511514560
1362554370325163731917600
7856622557934000777581323677120
1363696188059540428500000
1769005340299012932635067648
1365267359016555126686400
1365939091325316321852480
1771009032110654958042072960
110768101884025317216360000
110795917546599685654127040
114257252880485693229258042048
6156129902589245713350663666824640
855548508495261745105656000
1369000751435945488612128
21917474831788425099450240
383790114558245964768079227360
857250023217311499136840800
111185887153223895120849600
1779028428901141237457750400
536257978582669256964346920000
1779670039048601002447098240
41178244441606155741276634502400
352280821345523936960640000
861201915249809862583694400
20206200378127314081147170400
111821782229549910193733280
22089425241124106011111680
111863415851788301001000000
5663166858325864366322329044000
111870420780915396605285280
1791329720103106913816494848
1382293806996928366295328
324023450012670177510201014400
354197327988107315383945728
1384429645741677909929568
31412192179066343724891429329760
6763153544945916077116204991328
12357817452917753170380159711028838400
1386322215798622282860000
864192006526525984715385131193600
9102152791469541683104283808
1387334307874956800673600
867828996767160318873496800
112590563965353024841937088
1390272508837540880518560
112681706099816833816969440
1391402712971720842333248
18036541450541746265626834099200
3343562730852782440720283328
1393723236812101107213888
1394419959616659770380608
181726983322034501790296671968
872362075240344471462943200
872407477351970434907793600
113098219927634885535230400
39882226261173375582619871040
5721752923709978681177978880
1398052948443764945464608
113331468427282555801828128
1399741064284041013500000
113519035073383719149544768
1401867934217335352209728
113614283645158773396094560
392538885352332987405233543328
49310924374074564690568473240000
272861231065104521042626213728
1403719990073079810183360
36373490304002545340283373195683840000
1404347479760515709541408
1404464245234590756505248
1404639407098160782401888
9218851086437104184461378080
1405164990996099503771040
1405340218401227453632608
1406187381902234925865920
113940628891656511813465248
18237778991636892265612243123200
198685643172708291746449258958400
1825442277014525295085914240
467616921093774667157585448960
40266728392773720154941492960
114200076588594813192388320
550837394418669823200810360000
3390605400781386872978406240
1830705520004898490035957888
1412846528559868675592640
148414231142930246415419818368
1832758224283388651616638208
625168843029707503362825010562400
114581163311892482128511328
1415193817789652549638080
1416104178181141910158368
29371201790953232878084505088
1416588903903616491454560
1417000283911763732781600
71751162735393422280604783200
1417646919228958765863648
22682762276099096664175488
1417691016058332546603360
362998049686642686350343168
553989531532071132093560580000
886749783913122756156580800
184947453827705047750934089440
2960326241614901895673108181760
9315795135796255831151716128
649195372695285625357896134400
1420839244883073441513408
115095929779868846733096480
1421089562435933630272320
1844652113905559296090832640
1423815745345650509117280
1424582729485138347501600
413539392688778242593455269253892480
89763398860791538458483969227044320
1426073334069140201927328
32349132674956064837231633269440
119212501823739051906458126400
22844883688308827866447488
1428126672526765768922400
803392255911011477549968177496448
22505854575073703073376642178400
5859395179608239209514483316000
1428998903465738811442368
1429087627293141337500000
1429368613336662402444768
106945776052488938852193260577600
1435420977313705887672096239877888
1430418980550760638110400
519375258250731232508381941313280
22913173949754451381915008
1432343688351093369165600
150420075222070965294731180160
1433632846488166246618080
22947317128276911222112128
1860699931956718659084642048
22972949542382121562425600
72703162636699939559075311200
1437253059402130483033248
1437654077632468458834240
3452607417027612743670402240
116504534054765045728389600
423806950805761652790748350241728
14391333718497188915274758400
2161160674807785401311962693600
368691554956268532467942400
1441252137155060505981600
72991620885242806548106219200
10542263563398269930017912163328
27382318814375486073059378745600
73059520378451300204926802400
3009600403467536049894768240000
73075811234988949653482042400
1871624968232064317418418560
117057971115954916020923040
117076090500855713650288320
1445841248429293052483040
1714668509735304639832302924960
376285060871594339033730660540000
604950669081472874842869217993248
21186357553464981004207700928
1447781496363730357341120
45818716063186044056193621660000
1448349014412247683743328
281953819652351386228616154528
23197911042722500821630720
1879518406717910204925840000
5399037919587291294446314618588608
1450620755236672934984160
117602872354914333116254560
5949021972735436448567197218614880
23240873339163908055035520
117675615428838480476881440
2723085352878922015457882848608
1455187242796868331743040
95434491854685341282489671680
649247668265687392328031150520359309926400
23301408745373119337821440
1456416790995319588514400
4293087418145800373587141425660000
3498029863281272706388280160
23333102007291831641647488
22979064507899334902687329284960
5983144634754963709757616024000
30303196359331513810709518848
118382975811724593690848448
122069729059486432637653500000
913756591523048426466698400
53339055387815993676505621423155168
118495896107496988318112160
23417655000812987647644288
1464051366731091683640480
21439906464164099233478764608
190844669754928719527143853280
915404850864266782620165600
118678851949357129222704960
118686581410083065517853728
1465407072621153941449920
1466145574892911551113280
1467819540941375399244480
7794078697279342563347445792768
1468921218601856099279808
23525874677474033806101888
918987505137166292817396000
33330500436165124981970822018400
119144512280853756361173600
1471307795220781564897248
1907786320974384320535308928
1472335824091804672434720
3535244295992547051779751648
1472411435706416656328640
119295544146101382259886400
23575101207396538329242880
1474484327293703205475008
30581015703316021498516835328
489296355906604634141161494528
7200960864224779182629911510368
96762303936106779893115494400
1476650336233838873540160
155057440963870238443979783040
7211388851744713368052414929120
1478211946371294427605600
1478393962056152204908320
21651708139550992275113930688
1480792069923761245560000
15637417030591369053475674945600
115688598769762558709569186816128
379501378781744371329415680
23718866573267248747203840
6072508465533892785451173888
319455084858749549174721722106807569253600
23734434912001194333197568
1484440345538132958782400
380155509886713767224550400
928703690077878882276228000
1486145179250604869780160
1488171576084255225242400
9765138400273595701386142560
1488705182657676935265600
11749549056034369824724709099808
120624235549057908307569600
1491222689610862580618400
1491497519764066330501440
14915288222766661049211964800
1933308976390993370481897600
1994785243662906647412379032960
1055864146654566649278116344128
14937426238488936426263712000
121076609312750605486011360
934377128456716691441774400
121110061936326426224341920
1495563329026496916627168
208451333178462392767474663265890848
1496527500121164666281280
1498641122922002803629600
383657521620522531167861760
937056859537555017344952000
236218327627597309425208940762745600
1499560787346462364101600
1499729438393627175549408
24386869238166496423468806162136128
31133125431294854430170534400
1501677621817605406870080
24048274218392410564152960
22008213853679776374605347680
9866354126029232869757079648
1949506311938476412323440000
1505226033254971378198848
24083678030914803959618688
1505610437231126008093248
24090689666864909267700480
24117273971220368596065408
9899054226810937075572986400
943109251867561140360398400
24149672520378778910979840
422453563097551419031128226080
1511477869983205386477600
3629963029514437060985580768
43185416287875022215220826400
75733360266933162481632080975058528
1513113324001140744276288
3633334522628352472825046880
1514008756649802138982368
15143322907822647338688297600
1514518404304441493350560
1962927620304202507191189120
946722677442023744042421600
122705603061253920946798560
6205084781035968932693022720
24247558540940293742198400
1515476272089130536026688
24248423926909532999927040
1965300903765503855758579968
1517331500395140371855808
122919304122971460977745888
504065305729374684773970390811200
585203732908790078989836145623360000
1518290702136530766325728
91071137465377686326768931164160
1968485346144507102122010240
123107357690532402051953088
3652049951970940102017589728
127077593874806977829719538400
127143626783638221398615556960
99784455766959425826815090688
1973756677766131487125175040
6247717295570035825863518208
1525840901734002405273120
43593534746051473823425819488
123684142159218543536128608
1529883320369839206029280
11275375337356395063830655803639328
1530350269610947079117760
2353082347233014648018423835674880
24507716591752349434773888
1532390533884969736736928
429238016790459575683000943808
1534386044401225409362080
1535805912518349820323360
1536336665481950610310080
1536383503229456319242400
124452965490371374278977568
124483320553298060964770208
1537445446120071673379040
1537867252565403330885600
24613438961562394242625920
1538617344988678299990240
961778470323096918240302400
124649950608815255525498688
31911643424595860226656087040
2369711961420175197095263839901440
124927475356270432535770080
1543374304320921701222880
10128385953246704728810766400
125094974227909592537318688
965545325050876011224983200
1545098287234906799229120
78308374215420685881816429600
2004817423148089963366802688
396141054102276284303682048
1547843963442012893236320
24766947849073629152075520
1548597702285296148290400
1548613408104523524451008
90753013763017604751582409172912640
24787050877376640017230080
3967527561988081566254127667200
24799998675146512171955328
396881962022079109072831488
1550420374304547109419168
3313079959013441595940802379084000
125614187544980819324088288
125682971664095956077248448
6356290528883461797671516160
397397288339263456510632960
1553110177752190908060960
81159551374399108258534416129600
24900862992024415063213440
688132066102081566962245205594400
2338181891729757975827684404800
130164168265679799378693921600
1558815927189161068481088
24959431811316135168156288
1560047398599177456853920
163785726902468475075982411008
32353004552215775261678853120
399819573169980652645071360
24992675067195023698645248
3196469428814541498806510982246981120
