9767038793197818068507052331169760
5126391959839517906137920
5126738870281014573913920
5127085798329166087690848
18784415060551952357548181263539840
5134066645395485986262880
5136034911050166545341920
6094480716542387012600564533440
121357771838524836307399783453440000
4397260685251774755155101037199648
33755950730352881539277173440
5147199108488145796129440
494764604508214386222425370122400
1002013841594030202906170650560
7298570222869319158924063718486400
6678067609362593466649025280
82504522116777308846009088
5157994258856058244350048
82532090272766244254490240
61959432775918371854767916471067360
418413682513737177531671520
82685544870901613327084160
542875373346588764657650225920
82789829849813087456155008
6916179989333409503873227641600
1717643078390085204334960650240
6919708371338417958548012853120
5179557803317865882674080
3191800307800645213293320397480198528
75845590996721739154443836640
167428503321169245442275939851593728
4196401020764156932096063968000
419905081961496042436526400
26669764666364198575265452383631862400
6719686179261124708754863488
5185659012297385675286688
5187642093048018423626400
6723843587408089633755984768
420330277013712684102237600
83041325446694158193844480
420509900733413215877875008
3244892419017693618532144800
5196397769376797349458400
83178349535133430951739520
3853298601925449429083034427653600
5198968202182462385861568
3250855083164786634244514400
52017558621662808323826230400
421437295411169687956006560
11125563082497237352662307167804000
200117359661688360261866845440
5213552005440173810421600
5215464988376885827873728
2713424813079134239557169750993248
72348557119122411011344780322400
3265980984645650479447764000
423315690827589853870449600
5230161728723225162433600
52306488934641840286237651200
5232744676783353426143328
6784068197167070058331746048
1465525110287512780910602191840
5749589866732547397623716767560448
83853474402250215436126080
12589173973076595162755987808
5250930600003157853378400
5250969844919786397197088
3285080338031253597782973600
5265348265466324245056960
3291103205726362188579096000
266818224332020074589974016800
81013213222239655603023815796886195200
109330920273236987012274639360
21646181780263439629338170901600
427579395811631035699573440
2413324835626952449482471954048
77415524374471686188789129280
77459955758599924930435662240
5292416978091854762580288
5292495932785106150829408
3308219556774545873596701600
21683632424894687634135748608
643499613572926009277548708826400
442296641949612417416875258560
203447793012643516962835916160
12716818143853771712439755808
1356604162110329018922244608
5303795552704009591191360
1032250442002339499024972040000
5308779444346221727796640
15017842270928638336103740405728
12911854041854242231814419439151360
13609618970817574457197849036800
5316499533319688405165760
3324035390743176795117247200
30192032918697307279466871277170895037942880
77893136098323845687569954080
5320620355302912849034560
2044186441950518840673048968217600
431142567093661790850009120
95107431266033913886978274414400
431643760962979016474114400
34965429976768217762330651808
21828907212675254013520171008
3331723903948323441867777600
5331687086415775954037568
12806010741575581599724361280
5336730344438100287773920
3336812279791567785179244000
6920732430540709596916214400
5342214475260876857732928
160205457846783074668044796686720
5344122989418410008738368
5344759274426189371118400
433187562744043263912476448
5349612816145859292974880
433488435653047194007424928
5353872331212723263165088
5354031614727169771382880
433777636143455502442592160
79184776192086379121266681201920
85786105187659401234441600
336422651827104449856579223058880
78514067545356565820757739680
5362678073191570933034400
49855299521880218060165135969096553600
35202699917037201146268686400
5371853950366698050942400
449007902884168078059734798400
86038641043731830333238528
6970312250163690822959760000
435843864207984304255756608
5385039901061498725053600
5386479835515148182905568
5389360570724533811699040
53897427550232862765606192000
3369711182767488820833950400
5393363508545205641780640
436952181918842265767202720
1347562994576658881577756427046773800000
4300782402303410055957379910504448
79054873811275298916853600320
273562112017809957623234421600
5404102378138749049516128
3377604086821651152466324800
5404503392333396892082368
5404543494980320650902880
86502696685483851431817600
1384491185485982959862069760
57159737132516093293805186978400
274154665381000161129698241600
5418271695789318523251648
1054364250585406614694827507360
18550863646331906307401547009888
5428323464529085603095648
5431502729516003060955840
7040875305484363649136681600
5434441772604241827918048
5434763932021501073920608
1392726668816207781314818560
3400595106813329361419448000
10289350475146944822916165176413252772792324480
871229188423130207551865625600
5449639108882078566923040
5452383662428861882328928
3408784449268334616136776000
87355590037413797602702080
87407325629493130618256640
156080415440745426839524631328
5465353569504130689366720
5465717544908492157171648
5467254530378709347400288
4256171609416324162132617702813600
210249190740561994379404126080
358677175654748410845987840000
5474134487262091205078208
5479562086751796060182880
5481020935372735819482528
5483736790284140277690528
87759412946678412042182400
1072709936139178367020672200963208800
5487183730142754477665568
87892166081574054098091648
459072958533072581532764456640
445252024714540482857815488
5501109657983227591892448
5523495171397093578109248
111319810438494122210523726663840
447645289874456324828005920
43640477702290081226209989513120
4480919861752912340162593065600
280074742910581248747839584800
158011128597070474297612503840
5538102767450519800930080
5539900111703419617380448
88645101984646246769030400
3463622479257909765083803200
213039094243907719025444357760
449661398271629476666773600
5551511679072014675978400
213313977496434755464550759040
13332478035540709835406741600
5553230430745749783092160
88864948114795020336679680
3471674626749362117232828000
7422979032890278007924810499840
843333255463307969722851910380960
2170998089792863088806342140000
5562157983039718727253600
8348712830083307242848145874400
22791086732207392573806120960
5564453035886528611354848
55689201781514094077840150400
1426204590078036251731742208
89172171815498889617232768
89242778263696469998142208
7467718105688176149826054065408
42368270239610094977013397197639143520
142285899836749817851121827200960
2187440909337303897422438700000
13458798175219083902363480640
88317779237303241147560492378400
588665314914212668717803351168
2562659758064859050836293369600
36809821426408082374803088608
3508792322683571822005262400
5616155926934688947404320
1437837620955059777441809920
405203804195996870116772951851370771328
13003039409679838738938755076768
732739702536697389065136559968
5623217234511125235892128
216095379835177032298176633600
7293389020899238089069840000
96896017119857720995892476815387660000
5631319084831856546460000
90137340683891511180339840
36965931991414818253597260000
1442407956916954629487538688
161002177479514262453854712160
