117765378356814843900000000
596426485320969921414564768
7562657363829174310469054325843360
30202682048197803643116853248
7373932653385275504360000
7925598202480742889704108552441280
7387003012948854102901920
7389335211036539631121728
599170279084934533091640000
211409758443495716575842714720
17786324799561081420892622688
7409079582699558361310880
600665137623702445955738400
778557052789588599638774060160
600947966139826077662804928
118735814729415213920142720
118826997825869376105076608
7426725537741179264750400
7436451880296339381643968
119000145807227881212503808
119052330962671086879207168
9647357063771834758760554368
7448993074514203969030560
7458077483650831850817600
9668883719791880350317191808
7462980388014481599517248
6893043995283673737255588228960
7466608049114103568979040
7470083668483192647242400
91358572583102769829445323167666307200
7472128717191937163853600
30616194456539327586417653760
3416769173694842202655944459648
1914771845087334896892902400
7482360259913889416541600
606180363830958619103446368
8212473239244706694159216046000000
7485175775322803866946400
2074071424406937930799266326604768
7495676969855866693202400
7496599553350715828656320
9720703532114619490046240640
4688079112985269657178241600
607612159515759913657362528
64994795680916854818482957510810400
109991633025900552054991418688
1923695016286148755395110400
120231041214762243500974848
4698028775167889001090283200
7519434958570898452417440
7525807366164667921006560
9755039846551377211432346880
7528737976475037178187808
30365155327610888179917593741429760
49429983826557713243904602688
7535682309728429990527968
215320018321054771075964681760
1511983435966863201284212782233568
7541653128784346226314400
7542579953098989164984640
120767604014506940376512640
120823667787463348707065088
156630002959915578231920667648
215855651859974424639706965600
63715538717710456310664073549560000
8977160820649594785871945366080
213664684684469486144924080014029239910400
9819062878419555094555498368
9822288466098710482408571520
17535539404392841718057965985568
7582307492898908691012960
1941208026113547642140118528
614218552749372268338223968
9832640264387532314630294400
49789439872314465580807495968
4752352087394474348866968000
31162808399598704667414571008
616331840090680047584083680
47592326851562033008678436400000
50089420490068032304076527968
7637097897569850813261600
122238271688533924207785600
50126250384054860813442923040
7646509865517477190423488
7648538997261090928140000
1792435152521835155094378710400
9916558960351128067038476160
293957298356007439501456617600
122534676265915070529765120
7659419944206343879046208
9932859863086554015094736640
12889794676173153345485370505728
112383938163523364393445001920
621754421909167220249505600
7681216662677616744958560
1966961143098482226008299008
641771948762354329608111915360
122958150852887778438890880
5435788898272324254369995816640
122984889434390834460524928
7686855905334699545258400
642068550452005934051187465120
4808288282828646207919905600
12931043887824183064730056596480
9978324668761657826197340928
624216253919793257361240000
10299226137421678761749489463168
9991433683254150193622306688
624686877056268376176546720
390716177938466923199663229600
10003650234791969141839335168
1235442423407941064992374604800
4828401514079420885010295200
77278097326701486862033516800
7728777261818416210968288
391375202836284549172336939200
626240547009432402795903168
626267457491117706203940000
7732291546347238190963040
31692623727035515518680322048
18582296293730507353754671968
221072121125816167290524750400
7741003742727016086207168
7742316458088769792229568
7744679766463715715197088
113404118653246744836697504320
7748882539432288096241568
77510344956124234839960662400
5483071419362665611258550740000
2572401201034282219038515079168
3609286415904601851927121477038201600
113539466657824969641530777280
628961467587664716363894048
629012622666807743293490400
7772923684732705948215648
124368253654329714015818880
31858057131478990588402913280
630239857870916928220119360
18696395227170969565716959808
7786995469177258154947680
7787839328508392489709408
910442817261755482661767109170783438848
406649843142884362150810265745600
7790265806129907774273600
7796703992925026023323360
7798182172426007362509600
7804519608246976162500000
7807742618572925805744288
118578310585329530003326374651762240
633229394608950041898309600
7817735005197299559000000
5531748237904081802094370449600
125196147187990583593962240
63386158323953561045660797161600000
4890965781757034472562756800
1484907514246400041116824747927731200
7826731056783401092917600
7827895818824895356713920
300733662501242303054420458368
7830755331370999945108128
7835893830657975474432480
7838119532248096213838400
694046177098492985396017077087840
25155064136016172203140995475465088
4907024748914079827089454400
88855782731991932086149107278080
13198289341186226067811494566400
38349128033219630089989039988320
4912340045741461053360158400
2176556151875292764472023326231488
397908326540403794964947076000
7860243301814117239304160
6264221973634175478822178730772480
4914989351062410487383835200
7870232869662363590138400
7870339192820413157661120
158632040008247806019768616748320
476486604763194430673238211625656320
1259864467073353972266413529600
7884117147289583743206048
225213941681374776117088090080
115533915140121554418518188320
24604857890509547649525887340288
163964126837884787092913794560
640847030720411186680881600
400675678016535199314507477600
7916371650603023748600768
7929247662857831735557440
2030046503335538343414359040
126908383195833068043992448
7932616179493098140510400
6426862384940325028659916627200
127031629330061318537071488
7944601820294534921980608
2639222440717858804499480329615200
79472013908224914786914179200
763831758295990285714950876307008
644160582960639852488940000
7953492794583906489060000
644656912543379757664162080
4977218529204506532733764000
227455920428954551486847354400
403235800622733585917404900800
52272022986554435510543124768
645856231137258985231717728
7978813933792927145252640
