4899215583577415705300882208
967818594942317093210538240
60570726190532084672611488
3067120146733329470646034317600
969938558183507492012466048
969940524545554266472056960
969956255549561925114758400
969971986744919061474257280
60680602689647045269521888
15543973283825091188307840000
60729074437153571329847520
15550006355582555182848875520
60750736172067071878828128
60776590142051213253104448
60782500779379548975000000
78790853011733735375814600960
60837194614468039837201440
4928984006767468372705907520
466578689152714459447698289644562022400
4930834463649944857644069600
60893405074025972281260000
974413851954276699797631360
4933417986701744939738745120
9745064951765489733796725388800
4937015301120512357708993760
892405280629843266103659803808
228465979981932103855203752678400
892524529691343613304833047840
189693669265028342888254064121600
61017303988115100380765760
61026690481843153484858400
49451968459130884867908060624000
61068448796508249273655008
61079324298920325989454240
9774650744957068305265007500800
61137928695801878217662400
4952198939821276643659561248
27031122372707682124962168860923200
121240787681804210564386989423024480
611849539474625195972935660800
61186179119052269694218400
61215390677725275013103040
896546227086829025153843515680
1161967236934171348449227451788928
897344542023371680643956106688
61305814684335475902206880
17157023535969051790823198688480
4968267800624866153625283360
61356148626265932308420928
402581197148463194774083980768
61365574186360591238858208
6444348311119349679947361112320
251778128233447212635824886023200
61411973686032056303663328
27151206554973942654473893466066400
61453929554466464032250400
61532685817114532772924480
984557772187543186391856768
128335384320854283070720471530240
4986315612230619012212307168
61588631287039785634130880
128611384890473321126562228375168
1762171144531136502826134357600
61734018877818366906835008
12015425979892979797113056039328
2660993742833234239933797769394208
61818032520525002973231840
148514690397158074583496547680
61855953961967647232757600
990135526334981602646590080
8065993527950590006882723363488
61945587683094323665620288
61950833895317468365994400
253757331066833039851555737600
991286293987119413394480768
991896047489447611482373248
62006814228994041825813408
148951346710271079588099211488
80439402044726571559915744128
62081096642856812587260768
38807160286713888633047803200
149119461715309874903400538560
62121392099133781536534720
62123645218941773415219648
38850221667505832714310868800
62181997322976300422128608
