176230382163722609175250210945331271225600
920314874526143286762220710209280
5044992421732209021562216128
28465000277053064845027674998400
421531100821559822985796078865088
4661905835192831369113778109000000
5048467622448228556738636608
62331445558659103873533600
409005101620896611868238874400
62340230247433796893886400
8127988080380438487154664865888
570829555868256800892344457067200
2397139090641658063899273989760
46259309929527058980726310702788000
62412299725104858959876160
39007781536525614558838699200
62419082994851625401639328
39014847647293463335542952800
80939070753489156910343862528
999436141424877762629543808
62522910829840822309629120
1001174815349910544827596160
7903302751993724033611850072150400
5072667512718600186533257248
62636439729209798694322080
234965238113720140743377721392640
5572259743556082672861729185044263168
391902227785454595549202795920000
62706496828791969573198528
145125245950173532617398690025888
1190844954737216478462540611433600
1507504010252766343330532520547200
1793262202071026933846398618560
459129006723727938300296765004288
62817498663267700659674688
1005480920028171276640600320
1005933511819618800100750080
4704923084028968040003298119638880
62921064770118177114320928
39337735984936781201713783200
16122380561805045889363368960
2865242376652493293327318989459364251840
62991613428255812675340000
17634183638734201019026698200160
63030073495014890546436960
63038425704232400403290400
63043994304843620868118080
63053866821715687262046528
5109489298013130731660607648
413873248372742228154033039840
3195391019074010844320175969600
63157978472492657744030880
63177751434587983002734400
1011329872582272809888749440
24696390558145204096964726220000
1011638310571395507117858048
1011963058351990074709387008
196832647908123263145839737002240
4147258026853740662085206458368
5126802924826080179001347040
151975125871347938662354326048
926796179748286651000347522240
58484358745358505939169620542400
4086312561313518299470573680253440000
767643435560804498269652652327648
5292643079128171263674134269600
1014027031699985000169360000
82145796019190770785993360000
63392764592274050991046080
63424796851882468153189920
63465744625368055922191968
39677762074646971173008961600
4162184919157252499406317076480
39694494919158108351665296800
39708782465343442476456396000
1016566625123269149448517760
1016957754783673304682038400
30511182434662068549058749838652928
63665935897548419097249600
82529368343117875820248560000
1019108945140693157505417600
418166713066855100259597761088
63741193394330792885160000
5164532180012937931295181120
63773612920610993020040160
6881913239419214436067357580567581640160
28200251759480673560409386302917600
5168075848298380393501654368
63835422943203093922431168
5170807233080604188682406560
63846154876344639233769888
1006035466766441064507196696418400
63864300030984606570576480
1023032662867529068211030400
1327019288555804858314998064128
