55318118472154376968203360
55377808879217411281487520
8874034475692358591311614451200
55474563843409157514347328
2378497878743092203610824139025870400
14212596499970586857240901120
2812051837198168460506447099200
55554177046828264191660000
55569833642262779204222880
34736816732475404264867822400
4503028207943315242363485600
814226721786306377444548707648
889862720974051042531386240
55616592870929474781764928
814301243902174449608035775520
4506779547936232341584685120
55647935753689586270047680
228118527748944613828107540480
8920157166227990810144188300800
4518721021130691701511060000
1593957496609404809733315585120
55809700051161828066767520
34884585620409945936628490400
55849213836476177501963328
55855223617597559196333600
366580555075718908332885798048
55891061224089783484298400
5818417546346124518507931857720383488
116693409458812595833328446505088
895553698659086187973451520
56002151600896973960138400
56015122923634673006423328
25627063287917962336911900000000
56095317146149525856934720
897526001937205857661837440
560954215010430011709160387200
56104825632804369512857920
56132894312147906970776928
4546795761535096235244244320
477606039702716239772477219907840
72838455749925946154577468288
56228778306393907932215520
56238071412087439972886880
6836069133135074792574977262465600
56258985111596258429557440
56262006461356028982026400
56372252658758292189167808
4566498120332965333529506080
39876206337292648728692907135648
14433464242274980758137415168
4568025521742864790161960000
14437293452818956113216629248
56415325166244733004952768
73170442535015836585951735680
73174469294548693279220664960
56478931298902142958388320
2865747770304140212821167947200
905987628527474693924430720
56643437689142518466411040
907094168756774602382510208
56694612752263975077199008
292477596398788187329167183422929920
4594340432720993443906203360
56727579425269036271813280
56758688823364448597678400
56776003350912514763928288
25126170998873484182992885874052000
736682192595265212566391951244800
56902472562772182313981728
4610093969746169895024967968
569302420504376996721521414400
14578940276873082770462000640
911528592059478080342936448
911618684850238188483512448
145894212844099422275377199155200
