71991575066366104716990865728
2521225845961648855904160
36938944635728303688150945600
490720148701812274455384074208
204585643639039150971802080
491553440825620750594398295488
141133484575773715469599390654487666078208
2529816122721020654441760
2530474329071832493524768
2534948993271438233307840
649020405791103955493760000
649251747487495092237470208
266272351033274372266164000000
2537905065792308779165920
710798799596271167365727457888
205954467916414138073602848
5884136030654665199977118545728
40707854180382673732406400
2547222189167271569759520
40801471284360858819672960
2066803308075957383389939286400
653313902381838428845728768
213336774770091690724119960000
207069408519291465470874720
40905130580514151865222400
268524401012734245044037891840
2558372490589650891357600
654999751545414093777251328
655185804174993960931445760
2559562791919874791622880
716529982292799100457257523520
10488981220955680475603171328
2561646818618927660782560
129856799101561670038981665600
2565107736435038405274048
2565314126983725029745120
2566392146652282677601600
2371271534644159477405889832768
2567883584733909706149600
2568411480035415418649280
2568939456724701881615808
10363208313932261335372589944058880
16860603127633646286081290400
2573166201202970283240000
208456873911659642421555648
37707207159436557518382581568
8015436827264429711427381822720
41226864779337894255742080
41247484827690763991241600
208898527243492395191282400
604680028207440466109766833280
209128638340276265632881600
42922244328020807734273126050338783328
50921426776738299702881813830894660128
99286323947290556840884673280
1009978002304629754437335580000
131019726716028114496287624000
2588647330592298652184640
41421405153385578077976960
19939358282067816339023387107240182490440000
1619498327620240017765914400
210020398459495073370295488
2593337629916916107940000
2594424469333883385980640
41517545261324707319297280
2597964844700449735860000
1624341630759300536305137600
5057840458912411725002832286627200
2600906338729509409592160
41664481020271318664028288
666654703153940793936960000
1978590224248565149261982964075648
17099167212614518888335938208
667508603201750176875840000
211230142602362388616557600
2607980759064535970549280
74502812282830169947583534400
6568827038558932709679400264826880
211456530694361865431263968
2611883647463034611940000
2612069608490301841247520
2612348568649820139717600
3386053190161037508418938240
163987038515106502612775082835008
3387499753214958550884374400
2615232465512475132555168
2617816043133957085125600
41899308373307583377029248
41917197983712955434537600
41917384363963792599635328
3396148601440944457139961600
1638062636714939034009012000
614505400134392826856819870848
2624551635282151543313568
3507828893880518234221027024128
1642436634284939466008988000
17243505216005729561717221728
42060708038904539128956288
212973171763963276219165920
219603966756420442755575640000
42088930742634131702150400
569231084453510113362921506893345920
2633965863503080711393440
42162263925327081370673280
54663788134096549600419583488
6331544798714711027492040000
2523958927314408604658093407239000000
115084604641400889358620730837945248
1652456760940749037457383200
2644461010081843458237600
1653556633081849606884127200
6357949800633291666497049120
1407926308446115651724741971488
26501538680505393561607824000
214881857445555368751604320
214915512955291253672501088
56740494704000205241365211430400
26557982463947924791380585600
30058603185276647418682940534400
2656729257508088510953920
2657435623870821042577440
215322231296915807304951648
1661491929038765086168884000
2659814759365032872000160
42559015535401504782883968
2660333198707258347825600
3450095855636181637462214400
1663922289537719361671320800
2662997286174895727572320
2663209556125330525679520
44704002837060489953500957114368
42648064965984497643633408
215958246679840171840740000
2666560384174841768774208
6402662515373932745971803168
762159467463574606914014816889600
2669347279767222084795360
6833860954516507626963473971200
18066262986423856121851052286048
2671805337324200416899168
2506322066333572972753734390540000
2676347749306784512011360
3470636007049922228064014208
2680421909574553170381600
160797488905804371427600647321600
25434377664744988616101961451522048
349808086061527648103744426400
5598810164015276694960008607360
1899510123563164974903989410848
2685995866490389027581600
26860563974924757194571619200
690434851723151555368476683697254400
282339136537936620041209127040
43052989895265595803930240
224756727817713511636600975968
753330602429764576861223432160
689162027909255725460160000
2693029046021392763132448
2693695061108925367468128
1684056052204033098540012000
2694622930836070403695680
81526444627176274513766552455860000
103596673536837498618635126400
2697050800358318668773600
77096768687837250173467114560
2699551791162730539000000
2700004537187145129540768
3501025816596819938485545600
39555353646544970170096082208
2701696881625533121730400
2704153386908580236662080
2704582850987877976905888
1690760998196863042372524000
2705656734986949498802368
2705680602707495651522880
1057657402300566613418337660000
77397988169948475387182379360
2710624621375670563658688
2486040798964955507879933630534400
2713087211584709644765920
39728454036712229501560161600
2714020086463700986068768
695220238317398469057185280
1697330367779298193031140800
43471325129465283004233600
141874589825419458474446158872000
1699203997652414073460519200
2719838034980417110275648
2720053694031194852730720
2721395860747703809425888
697086291601589435678246400
61733582659087964845482428157600
3131357882665591732670806979804168340000
2723673886671845953900608
2276563018682171777829461299401600
220962980660573712712802400
11174595322032967575913924608
43660106126968622926672128
221055716797715002815102240
698757724376822631528860160
2730252204447552185327520
2730828974500691621986080
286776150836965458407154374400
2732656015888310941809120
2735831477044663884986400
43801709604917736032198400
1711736542340379982899864000
17971819231447917447514826400
43827720406627994850000000
35520097529983593924042520089600
2742094266584045772540000
2742118374973701757491648
531705946789830234907544114571648
222237895460443668588968640
74035225971722872889050927865633070240
31059693844395376467804199274880
222389665372569456071589600
222471770749575671465650368
43948291780846726650000000
40219923987704741407278479328
222553898859216928964078880
2747764110517373078978400
6601357873663669916895060000
2754265060159433819394528
2754894015514764631521600
2757967768812244580518080
2760753307135253442798240
706762926878256226922810880
18114486003717773672662178400
223641300118053914431014240
87383010147666334877491609320000
5749354215494137479225794608707900860865600
17277892482515759236167270960000
2765020476942624465670560
44259641216450256804606720
224089169096763801402612768
44296733255618116753006848
57474535155743941864617507840
2772378384109394123271648
140355511548737718421535508000
709894562309415258984975360
1733593496378654110861298400
123008299591130763979903950333194712014688
2774347834485745273637280
11733109400608637401584818264829600
224822003279508661031530560
57559246585623331686188333568
677809099083754831392596743500000
224933693181054655004045280
225294670079990012641309920
44510026456836000002793600
2781894931215060803440320
2785064420933429489982240
225715370476541911205835168
2787943686517663654094400
2788456332103241083440288
714236296772844863199214080
6699330173861372534588397408
3617292010718029531997416320
2791216067436651187354848
2791680294828811784170080
1745631107129096152994635200
141439600103749081310423152800
44710002853491465881559168
2794980420254268555954240
27959477886869334832588348800
226481249048481974265441120
774914343039681025932614363195808
8817135134376004098480103836621703680
2801809950462579532169280
729095739817615543706364321645600
717744079912484792350410240
2804309889532511381387808
227196104563216498405988160
2807105918421432851348160
7187377576506444535002214348800
2807842062874609167332640
2808504716666406553809600
160918962526676948541621476991840
2811623217260321347202880
2812630531612026643901760
1494818763771767715243831401568
227953799345766762198631008
45086773972943734501058688
2818704714553273971297600
18496661673783682674880797600
2821880969239758165574848
18522856215296804388925353888
1764577945222062451033713600
108522326370610311111836432640
228959014025921102410364640
18582566392836394398006002208
2833500790274322002673600
229588291829280657815670240
229684397262662345191197408
18605932098925190400971887968
143624351438433294611915124000
3676929236310130555948502400
1773295749338660574731908800
1774919424822433526318167200
11639713268567887827887493120
665729044984803029651144325888
2842802639163255069169728
2844412990388910926013888
2777700851852965945260952054240869120
41697846939876239976638663328
230689969378172617260261600
2848900804345277355666720
2848925613638891767037280
59080873462758156584477099520
2849570712149602086591168
230840017456936822182291168
45631157698412416741403520
2852400514363910529407520
2018563882787339586891166049760
2853990098709505839697440
1784451926760428032581566400
2855133022762747527641280
2855505789597701434259520
45718420033393539813235968
4669120080875695335332412237105600
2864712265152828946009440
12831753710936032779534443083008
734044990004483890722240000
13511026880695247677507368201404160
374090913601868774587524895968
180582557507030124466940997572185765839360
6894364022285107662761546688
232594419907895364097365600
28730558092162300064793648000
2873491504797644806389600
7356298858382563498554457804800
2873591384692178073208608
54529582787677629933749955543168
46106544457618728523448448
1317789564249965752542981790848
561178031886538683569917997760
2666655730280328472911975000000
46202506860602802311817600
233949084333493136427626688
