5482411242147781728039451598400
234048249982162518352019776800
4624228869644497915064640
4624300223424335731844448
73992656776495809398226048
1184210213685901243304483328
4629082808075756914403520
74079179350393646603180160
386746502052682099112679000000
74143192000392078460971648
2897070538225042290856298400
4635870442792068959926560
375510331333067497900594848
132437217254140514139198889920
74204957765187079844133120
387406121660043028837652798880
902162192339141103115921694400
7573111377095224571964391432469088
604726642098683499366208444320
74289948693748445527317888
376100353527940113554750400
4644490757246583068654688
4647426549587239417643328
4293600767471796348010436481600
30507144989862326362450691040
74397651333249984512774400
4650256251021078711000000
74432049154463421660470400
1190948337446402679917007360
74443517745069398120160000
46528524737257053434569718400
319167261544003823973549550671648
1191680176216863682725419520
1546460582388379239610577127664800
42610969768742479848721894408800
74546794709965181659862400
4660906057987035275778240
19439472235733307851492711365772160
74744179745267136211847040
74808622842602911125510528
1196975953604343898064521728
1797098348557012451477353792089600
19183471837470994885691320320
74937634042087003659255168
4684962018998417308399008
4685430394503186870157728
2928695761451140767511185600
97218020639093087941722597888
2930389680682000149898670400
912315125432973782899994086080
379994819075248292589960000
2932413435055206274803422400
380064932436082763132303040
6087277943347658017322321280
19247304207749723830203494400
4699570220610674533252128
414747455226017897734781048129833207200
2938621937242444662058449600
269379699610498135715322254042208
4702062427146108047102400
75261181163299996138934400
915198400574686064576596173408
30876918543360564250532362560
4707230590613627734228320
381354993411421436823981600
494286792437916504842005618560
75355758170457739120869120
27156990369300995936316862813920
22992818223418631428554858830400
4712222087439439124142528
11321046847850818568789479488
4715660569058377068153408
1208142002390801344520905728
382603311817612323706981440
21157723003310858721419264160000
4726059833481876057500640
383150719913937134124127968
383511409242949473648212448
214085630998369387681198228197120
181926522989110735905813421440
4736294669675370016238400
181960709259287369519864582400
1325627770623814078696569927648
6332387490855512077718697210240
1213194805416440693331225600
3839931006158054481004505462400
75868945924502704057865088
2964327185231877105441309600
4743927148279543248765600
75915199936837013499177600
98407438429023615612029898240
384942948429049259827481280
2527240296896787466470999283488
4755575325476522256074400
230205996692853511338798940255939680
19501763362859406508231231488
136098350558264864131352421600
386015781493605795585495840
4766660949828836280343968
2980500047409429371733247200
621821852179995770605751450400
2536139251815359937969369436128
386591505557660047818391968
76416910793878733276486400
30643547033669358613945589137101600
4777692821481390604081728
1585522374743907107986886553600
2539810349854341118496367461280
9969420710456069956735728425088
4785814546693381336694880
1225446179986946390663869440
76688631885049857502798080
4793470134173021188205760
32433373928422529546135938509600
4796329595554313795565600
4796806296800833223419680
2998792433164840188349588800
4799740625150418266748960
4802052356090648287176288
4802309266621084205782080
4806641595876891880824288
7214624818595520176420473176000
4818441833549234427746880
4818846587704058652869280
1234542257652976549590440448
4824736804307229788103840
3412718650587659877618320519520
390844454351009886428760000
4828384079037470689990560
4831222277604979109581728
3019707484343124268694316000
5068126369903083452247763353600
403753461674645805339460989600
391613775660779260104790560
100271071259875383592727167488
77387634464621963422781568
4838489338546163738077248
4843474036046132584008288
1892725530989051606635334820000
392501943801280708195889088
1135214549047072317044116017408
392646625756761339461344608
4847649372785557604806848
138581006030859796162286843328
245705908875883902217378994400
48538785913527834313647235200
38322516137042630440904492630688
153817967960740225554874495020000
3039342163264848067834248000
393995585260927038513878208
15140980195639591703312142834048
4867528368445886254557888
4869308233735956193756608
1246878789061265152670438400
4871756345464401965460000
407062952615027783168478689760
4874316721888192662264768
4874650758418301423605440
78067630892587897634438400
395220640636585672719475680
78117859333357549357339008
4883824908594242126040000
3056978815782282119929387200
4896548948585917511721120
48975936451621522122217603200
6347331245545295481412092288
396749185757968887627841728
139987103711542829730674605920
78436734667689202578633600
5145288423898428746564453203968
397599731292763895021977248
78570708179076302835404928
63647953120836007973168441932800
1781293290166090614051851738272128
4911835665724986832954560
6367694502759730479255323520
4913889042367405256275680
3071656763808172523113336800
3073412322699123591066319200
398434491089418045937102560
4921099621440076791240000
1260915528832828735550039040
399153354368950895637845088
6387977371827793384333657728
2316023238579983741734787511258993384000
78936799419165969232861440
643813033590593772350287690848
4941691436924435393460000
79150342113703302688598400
4947994165361365266014880
6414274776548635654889151360
4950396789902473937170080
57354578345591824875887289066240000
4959452024849852550017760
183645160452197039061360998288640
79388086170557942273779968
4961971660716215642498400
520929507572368905493238595840
3102821770857999167935269600
8339421156082427848784200565760
402417564450794462206274400
1272214555419340923257863680
4969762272841080398523840
6441832798041915310660329600
4973039324672463694819008
2946994926849406534876520639362560
1273912076219909728581554688
1274375331117813129186608640
4979145739435038042632928
403452353902106359782423360
4986616770204100990152768
12772359499021763040071341824000
3121442416993247425045732800
273235917952130051143917586823040
404977126046147850668473440
405041475413439392635130400
185100292656509997703295275862400
80042752017931010428560000
5002681462330413988373568
5005974779514903548923968
5006088371170117686463008
405573928451746521218297568
2320223633081198202989938333518360000
5008966671304010808626400
405932940262349897401176480
22842787751224704454838824795835236320
80219709559522538228491008
5016584999891929772484288
95246670949547754978661847649408
5019657527958640531398720
80316796940906174100649728
1155837379697396624408411733347511648340800
1404976517020362239789222019360
5022086202424581310383168
80362944306220565385610368
1286000251663856310668502528
2754328937858643025427926140653760
407289307050772050291756768
50300253811089536688835766400
5034470943702154304544480
50200485196066644943736698582448640
12088182104740067320330942368
36838000892575215519156533222400
33060751352823922447060893600
5039720458896586674657600
1672337918717787212307210958848
50415302098642355178327964800
529367467522537992217738508928
104632688940329571284113740288
5049812559389663522402400
330990647815855687576423342080
2112194884748704799487854545463328
255757784780241913381480663200
33155220211997392081546994880
20699403272335956374721177600
5059614463018201178341920
104940537387054333220630015488
362558810650584969215659193809920
409972032690222006535370400
81001016676616200170168448
5063546855133703778757600
256540350157675981212288110400
3169431068391631861936605600
81155084841535516926393600
1419442516371330155623546056288
410966618847227504521352928
5074095439718055984992928
5080945536949008411000000
12204275781849635305048500000
81328980523237198259813760
17384950131259912874257794863808
1689039810421256229508951298992800
1365258014982179357855602940313600
5088224175642437105522400
412148228007620734520631840
5955332520181517247146143420822118400
111774953689782151188577443268217897725440
5092671819046344898625568
81500700407984221798062720
6603156057272122877631822720
179127791750834040900112780393248
5098312244783084312190240
3190756186294981834781565600
1307118430170926686639111680
19149170892667585349528814547968
5111914537698432956902080
20963702435531804300879808573600
19231315489549322490594157141744613001600
414584571712127520585623328
