684573251847782636350690560
2934487624960694105420415615626400
639557223114143364213529949031845571840
685020036461193308574579840
4496896256352743070487162385280
685409447379348869338643328
3471649042183587078444586080
42868646244333196711613280
19591676549688436692417963158400
42907895300036546966628288
42921553460934729767681088
687252685036571444105175168
55675750373951811923323991808
5603982980754075834381348008160
95364775805924854127955328605859680
7014360529582950195725821729257408
43021242813080350991462688
7525655438253061512961696247661600
89731502858391467443338772264320
688652379910134459004550400
2179327867898131301291627652000
43049567209488609256202400
30450631311492326020089734158560
688906407894470804067146880
2822212839319552205748849205248
12054510519324641646464050759488
689612579104634036571078528
631106309646067957349871271488
689819663166023809429697280
3493107708515526995323024608
4490637662273764803836233544313408
30528712314369406566307994113440
691661104494362768663702400
692015180371673211437226240
35052890973764509289689910467200
43279529688829421620506720
34485060969106879839556056068689920
43300151092479652906500000
43303206741853976903234208
1237303681109243909650734493248
43340460466571906835645888
3511975831861925725221054528
27102888349286720018653668000
27105875757910258114507416000
7055027208374061453076303957500386400
43392273500382185444969280
1692297866588409476394961831030560
43551635535402603258132288
3527801590346298704156810400
11153767456376626389819084288
65384875401341976758956648370400
8476961087706576173041653679968
285982016759602352987471114400
697883227432470715165216128
11172234595624095261867217920
2860295461713445914272694386688
43652804411034779550871008
1247050174400378086139507739360
45790514446859395967693581221888
11180511076137270566676518400
65616147606347042090201589328800
3542080578841484140795008480
570850904326196396666874555710778240
11203347469625909686802265600
11204135979752445279394411008
43771282039611354530947680
43787456745551837759675808
43793427114560805608367840
287344541634798413219655989088
179411358723345863179256432640
43826564125066284947662368
2218867453757602282881773872800
82863052105811427884452769732531491500000
3552850772597302376955033888
179954512863485954265059346237600
43909295939491355556137760
3557445045465451412187131328
43939409256694085870063328
3561198774381026151686486208
703516472631244763640710400
703827163619211557976943488
3565754154381658779643543488
44034483491115852054080928
44048216281705967329242720
44048990055615501296221728
11284002534374151149448258048
705659392537306770728457600
44128162266245249528901600
800599600058123843282611296321240000
6005208779920764606965462765913600
290015045460467408487046874688
43389277065728879664505411845046080
707346214169513840558709120
