1818567256339705795210118880
1136761288823641645444962160800
22460161822944229936625088
22460395274264279379928608
224655258264519757684979894400
359540511404019464709936768
63526609978996561814908458660000
5845013384224076215536359506034801511180000
92220571249737838335976550400
1824106136325517847402934048
20798379225062008757087526521280
1824614604565702585938050400
22529459904575728748323680
360483994121775614536118400
360821067305333471670240000
22563993322877970061296960
32646009013603655199122774087992800
258177525943840898861698626062174400
22584498000663399251444160
1830623194410087071096762400
22611468255314837932632480
22636936243778363440254048
4389527440306077126666680397126528
22645273757168819635101600
1834983934724869399519776288
22661720672283137392754400
546261384772521777968027224951947648
362976409981911356467033728
22701229820248839189071328
20966310384984549434555463432480
16057353835098148473424398472128
1839727450546225395237921600
22712998464520643232205728
227134751910147762061509744000
29438881023598452114503760000
6359076407528657276724104011488
2462435576637888719532601155300480
22755992851147531666205088
22769669593770402737268960
650508248356300199287861826400
22780992938750713238734560
22781346861318973856900448
10410581638327212754466040674688
110690072484504248308867330815313920
14261331302226710330788068000
1848326580495444145249486368
22820776035338124839822400
5847098641905036930265893888
438616414025245874214436503726863713440
1911599771135945653858919704608
1853958847985260932323973600
5859689430869008275604098048
366360130021930182017193600
22899551038932661900724448
22913292436498674719279520
22915188286903296197442720
150377995997047068795370713888
5867695092606358831856601600
22933323298393624129781088
1161188376994527198355702504800
22939014931309645918989408
14344549535212985271583092000
1143261407249170729373583091514880
22976155103352782786495040
22986605186165069207774400
55201798529510547153701669088
1920692404624580888073473501088
5887623465808101654696764928
1863095411155147217391540960
1863210914325249547338847008
23012270502542301494077248
23018927980312112186297280
14398396150581285470298216000
23045810337739128983140320
1167233626741287334532616986400
230883169531843234170899049600
5911026324344380146258024960
4491270968517188326357865098848
5912239106200497428124146688
1871190392912989003601010720
23112403685109721498662720
23124093220484257493738400
1873976205517631821411958880
23137935543343013880492768
1932697620782457632705021505120
48269386646115568576915079760000
5929841600823992276473771008
23167669792102484042673600
370713780414016709806281600
4508223562337875258601446049088
23185117654287135280782048
152241078141605981969414977248
23208675935640606029192160
245199016811701098451640124881568
65678064545423043702277952937120
1883387142106399432672374240
1886882852942528238253092960
3036248938804374840182227970400
1887261846876639420515542368
23305848657471850141552608
1887789942144764264294880480
1888285739761476542170202400
18892499081394291356718334252800
373198487712443990196639360
7744213756769252907953851822080
23377454706086103847293600
23392012302150971023748448
898726776712832737855863202560
373663546697668388742565366837304662848
2456832153024565939574540201088
114245717319385028385038600273088
4098048395049001269133998153537600
30379976676208351714412562048
30389558424100211675386666368
1538642956796441380231137810835200
23455133605180939876500000
56340512969386834174512778560
96144141461831475786422415360
6009497247244105140644152320
23480104095653959928995680
23485897200829612207509600
14680013504980433920757716800
343912610169804966985192431648
30449600025757203948211301760
23497245136916716394115648
30455024823199589312317258368
664291313971927050443020848169814400
870266652372443787001738304814720
1904525783149056626319501600
