68350814351466231081559339978560
82598085216022344892187790240
5644938296903144558106528
3531417814944180722904657600
7329385682554976954960226048
217298041099765068128653849728
458414646952378890910385088
5660367268511955060135648
662365044664162745126671961591808
90604245200768224525353600
3011893322199148586861177646528
1102313803684196685042968633280
56686359906077816831773536000
5668758604430938559288640
90790449133829974174934400
2594278361579114191617028947840
1330664436367645458199762688640
460172425438694389726625760
13647494368690156304644860000
5689611045020111775181728
5691320075030015675253600
1457889293557946445011870208
118089104849482984848599754240
461306540050379811186674400
13686750269594128944448257600
5700664013496421429078368
5702041547599141392634560
1109289449222576440833273795648
3565618421308875539755912800
5706133878044442223500000
5706175647868377856902048
163024836616031313394657581408
5715119667090951217310400
90131593099383503735031849534048
1098914948667259408095272978904305280
91610478134633008282000128
3579734486130190596648756000
464680699262355499531040160
5739832869606152657541600
5740588089379812040532160
5741301420927697543010400
918700380761039955417570316800
5742686313119102619132960
5743231945493966664353088
91921767636949933033198848
3590737344012288355342010400
465699495678630910362721440
5752933898474677017825120
92063922209196681867277440
5755750183050061968861408
1119652337080104558262705131840
5765089142505946455499968
7472460231747319370985970560
8654175378602927303141684618400
5770394685938273051400480
16718735731409618432873937566312448
7481620996369704331025673600
467694322762382774411516640
92395245879907824911463168
84569767045283601898971000000
92546388329557250895222528
468687298248032409252540000
5788106281662791252801760
468924388160208410941549920
5789415179881715205990720
468965432082362554972039968
7505248506771139383120428160
3620353681248046341796929600
165489573050051759032343370720
469580273028904330063869120
332161947977893032153413556344160
5798499132200111288804160
13924676183665961903502358080
7751936408432422574348616763008
5801670466308289209555360
41618453195735436370866336755726400
5805266217360304307046720
470537385700347549433650528
13953122911883242429010934720
5813055685802902927312320
5817419515506630351333600
58207067189328365138020665600
5826281827032713585713728
5827766935431143121619488
3642444511398073827461853600
5829464549801378485472928
93280431461310934953939840
5831162535027818041735968
472349383676994289034384928
1366198870495858567621220473728
39466751681819532131432196392160
38297949649281995471774015040
7565273350593764345081493120
473268248415135830498133600
14032305482497138949912479680
473414059117619911582901280
5845950662904311230429920
5846333487223025200966848
19992466743941638334016633654048
473754032159475564152641440
5850673477016037392967840
5851865269340850800403168
6563970016130067547342155454226880
38418546722170146632645418720
93726764999439411242164608
1622770054517109652834559751986400
474861360132782738503996608
5870873378136268624570560
1503690635818796610199469568
5873903599887232931182560
86038862515875821820999746400
5876764180533794950754400
5877148517221441396210848
297541741833832802660094132000
83295661552486923466413450377200800
5881420193386661413748448
5887917600325625929585248
39834347203342154144290571782560
122184292344278116257855360000
7636890277864002331212283008
24144499152477224636935833600
477498899025641294096293440
5898530188080151957498848
6474871259706304086338060786560128
1510872116991280759020526080
59058582334392281486525635200
86500617840347327549075388960
24206267716977761927703779328
299412815179203766691799775200
94674015986047398164845440
7670060269305132568130997120
38835164889087229598120966880
5924436991729035105025440
122897945092841565799715117568
480250700661340729511598528
300442312779999710892673888800
95056090746965449523743488
496249871086044762697019274720
87040455591035168011137636288
481578712901465375027190240
8922513723828411024040245969600
7706929709138506823619957888
1393146143427219066516695264640
3718490156006334184292076000
5953662488764049075011680
1666435136155751876245475522400
14308785131791547569553895360
59600491839138539210993836800
1195233053222146711390028834942400
123626728299604198844621698560
483077328235360107624587808
95423430526240571353619328
1230792524976059211065872514045484288
95431375411861930618095360
1196263270149371301268792100420448
777937484103644593184842266720
29136968570509314611353188418080
82739884669817412711722027786400
5977847242784717117370720
484788633845223194669160000
3742256896795715023997294400
2109499843085179794842561934926400
59886915854718953152715692800
5989923894766529368139328
1533638159562382157866560000
31804556186775721937445078294528
5996944535894390190748320
5998939175795167236664128
171354948689355670546696504128
486157668905079613495605600
96096699180138725021487360
6006445211162638575920160
1537723595068630561509066240
4253726921508391574903061801408
96241234662061485701868288
1378569420116728377798523575721248
96374796685401497757500160
6024610250802538221105600
39552434306088207297933690720
7813332672257871887812725888
2755100527388486183436938553600
6029484429463075270783680
6030964675864353746128608
6031008216648798832521120
6041944411865946251246880
125306140302926565801830466048
489497567273288051869008288
5581331735630422358531678313888
60444278205038579670537552000
6046000242144448028889888
96742460099851013247671040
489857946028706796431169600
6052109643306055430996448
60546878892679194308647785600
6055646481953009481334080
789664505721219299653264867680
63997894390793828341761977099328
6063249376889646095172768
97022307266662615365596928
6070640649121079892540000
3228594303696217517860213423968
3803522713812637333304625600
487532240856252615372457721605106688
1183882341549278149548059062080
15585414740897177378754096230400
146176770160821863816605508256000
39949735703309916153299068608
6091275656548176730324128
97495684216385166222825600
6096234120367704334634208
493888595458414970993287968
6099482895895382024665920
3813126477121679825209502400
18994066441946040263694102178560
509836513286985740468853841440
3815460227891746071923659200
3818481965939475414489468000
89451424918915529274679689408
61100086149950402832373737600
14671188646171437785176057440
7927694200254954912951553920
3823980633077187755249484000
2030364342816170421952003553280
1567269147713739888862176768
6127502433553453066701600
14725210777228770942832833600
98160119878504367391703680
6139540311969585289872480
3267135154422378469358730242735918208
25170237012923150404924262400
98374811832209278828395648
40347413829635206940612176608
44982149343896012851678452249600
2041291270967572441997327554560
90940505872655625012014661110400
498588377493386924420957280
14786055764197670971641551040
1576671818282966858146982400
98675192718577868274000000
61709063035332968019379641600
98779726207409178554937600
648318383560842438466950536448
500438864827228820706525600
6179218255341977691518400
61805508090807106931202643200
249064864586886850018885686312960000
6184895854020030654098880
6186005216558725084409280
98987267065330786593609600
313232869249094194355943626400
