48851014932884567974586400
48856659657509351344540320
3959190484733974176089121600
782130640679374359054240000
1108809401303589383975098052417069568
3963308677222896098003446848
623640458503598389948351963075829760
48930713531142422705713728
48952066702125451374588960
48958976577046985452111968
4089146920767097047322974501600
30615277958459103413170027200
783751618495644175082858880
49038178244686618323331008
1401282896712212485481733463968
30684728178900932617836669600
35525747889086632362141532861705728
289181755790041330095949606818236640
49122094138764151879305408
34770082558344879530528735340000
49161991895307877713294048
63725217002630454091454121600
49197920651789417766117600
49205697301035338265715680
49227350666605481212922400
7877132234360935327969441113600
787752840308651404590066048
49237443996290491386450720
2082626578182166269756234034704120720000
3989925257376660842724971040
3990487581482293622477226528
63855640536106202394161852160
788358634595160916381855488
1409086424967491156722835926368
26221547376577356001989209385120
789557789876192439548012160
49386711743894429214229920
3236960222059052621363390791680
64019770979858670297867350400
40014417338325061968665674886400
4002412598267936531035402080
494342474012987687053277203200
49435628967744722417122848
4006621434278081479945402080
23106228662780037470550717100986048
791813270196518929121030400
724975047748839631231922153280
4011443742924019013371669440
9636523965634921269151079763648
17201151877027610985078152751977401609728
4019816148506401658375469600
12705360049328467727493081600
16467446594711108698736099420160
794153124721568680255671168
452508748573987769226886242180626400
64335497481174560781211239168
4021764166276858814871261888
241200076360172612337456127762157568
49666365524654785487258208
49667000526675178477836768
49693676110401036895473600
1350673552300419301624986737295840000
6480505355792616495521266050720
49727353490125437697784928
49764863534016901988184768
796728878251226771567004288
49815546356992970324565600
165290032465815675428084039576371200
782791500551146139124952798214943360
49862234211583385718842400
64625192808998400348872635008
243388970919300181284538300241568
49905343472693889286373280
798535630156983964837751040
6505720864156816908441196447968
4046194264158322862731659360
115633936911851847555885626034240
1036487655916157202757082864640
50021644026268686714782400
9728322416000459166800249684640
37985192011240581942070399861238400
120131385264142025210359530720
64866554913513253782995654400
12815765183293152222343964160
31297110377421656620657809600
34499136263359213274520685536063360
801790070148300849543734400
801844622257723790534067840
50128981944099189139925568
1274211049023583233488313007532640
4061817369465119375052801600
4062341220341054604517238688
1622736065520209658825032510030874285600
802567700539052501912272128
50166718953433336216636128
128580831141952459210520451737580000
12848051725201584182275622400
205617928737132659045035806720
4067311687987748370777524448
803494432290505295851077888
12855917746358029108937630208
9766617447408792681653801460000
50219842675155075391629600
1434911404307847424954790240160
31427786652381026028256768800
50304415485887069309450208
50318521332702328728031680
1439355693748116296966985938208
121002933430478846522777335488
59776904418526759872405030568128
50406001002850098639760608
