640451309897903388126528
640726744512903165429600
10252502991263804814837888
51906523425768376265160000
51940005927422383341426240
83574588319129761469650681408
18329542011064843995642866400
26298136019948306373331767705600
642324394137718887761760
1542309969630864984135632928
67453384725059490593861862528
642795336938784151838400
642941544242544933265440
643160901962168770941600
643364061004733128437600
1204493449250511583653202693693440
9422522473619349803403710400
643957560871506958117440
52188455896429156407705888
52226030910758384130770880
125413925799828039805107296928
10321127389499707902126720
2837847733684885914491413483142246400
87955174646902753297734111994368
647078134216009560926688
181084752379445203968994817088
109396484247679174251398366305920
648270680689350268582080
648597693222588728773440
1558057292669101806842097600
649031175375034627140000
649653151562690556980448
650144501082691410470688
842841205229603450889210240
68285716381524006593092811520
650734488350592593346720
406731597590078823979596000
1562599079731296758015403840
4271004928105742367389485728
6510169228567838317264387200
84866907187365401450052861888
651300269526941664944160
2667778399734289241294788608
10421493331108301201612160
17513861965991335470409925529600
6415661872434784495833901160448
652400086852802113716288
10439419812353870733360000
4281660392160411825850958400
652654720471121327171520
652769740727881578324768
1300591219800188332960967608137146880
9563392975779184560328997280
10451975526124780563374208
10455198450133882993142400
216874652707263418116835461120
37487241904738567278559234142880
2239494653295798801396632798400
167881008207414925316213760
655815075948496710848448
10509970202221005244729728
532523855826741216310540012800
657531719889134975433408
852679600275785585843479680
53306702499914799349025088
53314514878116866797463328
411646534522610238667569600
168642662150861446125473280
34685716347603153273799734286542240
53372799979422473372518080
854080083040344716207092608
1107105362429984108338431075840
854882921749723502235062400
53469600576121692368078400
25362868644774861048566285568
10566083997963579705226368
17757018155621476106989839894528
53547942045374445397730400
661298626110441621931488
1413358205926950002483319026623200
18911659386086499679314626400
169524874283178395492141568
6622403845065072318185769600
663499983203667355182528
53745968939094484588942560
1701417341499088111473614745600
4449966029608483700139079380009600
1597189838071081614395787360
665490067502439828797280
666107150878471126595520
10663554918081150603479808
666549379677109945293600
2235327532592613252351630747492958414848
22611454228754071257965620352234400
170923925359363059772761600
700315953997955753661603840000
1123143661269880126758401541120
668721994501303949925600
668730360951459637399968
10700455513033316630729088
2183673212976725727040380510513888
171335572707768810674293248
13888353921442846703530560000
4394820735349443667013941440
10717601300742124585230720
670195699142833290483168
54291734794936127993964768
670313030138971392465600
10725109058624161047808128
306328383973580157147284726400
54299655194224470466328928
10742284459432522523318400
870297246734941608750000000
54393634571701413587467968
4544685390013425889619866839360
671974075897800701419680
34048255389084307097503092000
172177229769770808150174720
54509748246178871880408768
107696633886310679119564723200
87891727179953967075979773600
25910968132629647560436388480
6745981648784388713996716800
674884119849508849207488
674934666262264054653600
19281270042690699948251226048
1621986575175057755916675360
25982392013500998176681693568
1623971132787031831368527808
2773599538529613449256867840
677465609166468625221600
54880645304563818740683488
10846243793380535912835840
1627800736748876424906103968
54929936501530263237425760
44497812794352702493748743468800
678412316861623646074080
54977205048317839587295008
44492879384036498518781042688
55014219098616269042036928
55034790534104561166542688
679529352917203029936288
9949045608188348107207283808
679707190301817565274400
55086244363069857497549088
55102488390943465982035680
680478222358099379449248
55170477710307346733188128
425703785475294435862504800
10898810895030134284787328
1421339390349112086191247151488
681716633047972538379840
9991399763980452914201553888
683075735874459700745280
55385158727988864216842400
684317689504106004275040
55445363135259724137389760
684930782937060915660000
10965197241029780180361600
889110890779250883075897600
1152288709204301672692048934400
686900572427230094213568
10991945793667944225219840
175871405892770255648647680
687447065797077776049600
11004586456572886411274880
891751767436175786236863360
11013817602528889022910720
6883653101690755711449273600
40337155947900479069172690358115328
688720633964137872852768
892697417728920915203081088
51538553334405218420722818273600
690304371452891109935328
315542670165285358949396630400
690681445872528815532960
55964177114924643807130848
43360456051973233823096512260000
11057659125338764937652480
4538513536223284469858575968
56037364719184915485138720
897748646403908991617291520
692715163528198845566400
692792481720584066098368
1603327308402678304355731736928
4332289771962695630152258080000
433336905069030201402609600
433551853859902386913012800
6940472288527042886319417600
434196103905969452998977600
56277579963072519172532160
695252854770193421925600
56327809086816181417385280
7344775460171386446176716515360
695812943177695101345600
43845316600858983250021986989830560
696045694735477346363040
178297250755279748471106048
696761555928024117117600
4572559696250441513893717728
504423889566502543408722139246080
11170047451989179648901888
56551923177969474020253600
698212217808503828796960
698220859476628500606048
231783345237397277302162329600
436704625830451537608909600
11182772209531647849970560
97984849461895540610319520502354534400
19985227932892459966932197280
4592459289184883923426820928
11201671904838868198432128
700149955891524891025440
13297763690292514518308971440000
4607309505763129568306682528
2923265528984519499727656623760000
702647256629034760058400
911470410681207827879721600
1690048151935621705617337248
704115793326442038344928
11266026621666129413189760
23857564779726884893796631338250720
5268475981260611794169154448790400
35711299397088281586924813600
7448465142531337401187819542720
20040262150921046788688674814880
57167569443738483661770720
11292835644085806630145920
57224748420981469021700448
572680847403451948635994665600
707042324237419836626400
234688287183979783030728284160
442597559843692856115746400
14685385794580390735305427968
10370140885043189851891862880
17013292696251146324077233494400
918396587734957125234000000
57401025388855992822591648
708823591558476430135968
11341911638001988284329088
181498277276689604493316608
27240085171816028228677672320
2662663613773442713164962620987205414400
57456254393765009090320320
11353173422221329866106240
57494513198585310570309600
920268489330994061122996608
11364373564092339934711680
20298798161101630267092878688
7111955237968185082530998400
1707949085095427085118935840
16457315293749116496873034252368000
711475506827630223164640
11384554699993474093449600
325275369889948231086956982528
2916876842490098443513079808
657690224116869866894058914400
166869778015209927602099282688
4675323629531256131712945600
845235700302262684992936891840
11403639330537452657070720
712791086432120773842240
35510770232420322808019950617600
713405647562498815737120
58154207424884539950658319042400
3197980080346919017140300662400
380214724423597630845376190400
715489326796848238237728
11449131908337771338565888
11454202854743354689423488
716017563784516727313888
272121250171592059598640217938514024999488
716255365830799626525408
447777430030197790500228000
36283384098378544761147376800
134367246981519866750944039735008
10500172430585992872778500000
717233618840349010820160
8118117286326300553002605823360
717489363470911768155168
25701498406944387439716371266468800
448770517043968813107086400
11490382122425781216690048
4712220402023789482297998528
718592493842229868443168
58328155721043826318209600
720262842040581353793600
140306703953230549373742623520
721493156262642111055008
140326717628894867036427873888
935193836459131323462482688
187774394738611039816450880633760
451285385424964836218272800
723035482495462141312320
858015574051728814876818433440
938519737414157153212560000
58679008519347204990690528
4755629636803027105769969568
11603203607526131576971008
10618529275317690407580271680
36724117641125053209313759200
58797831866755791483667008
11616296630559555213840000
726234351571029149830080
1745065925116547541903464160
5314861079344872087603729320448
727597080187580490402528
728239027420123117123680
186435184581322470316569600
11653287204346280340903168
4199619134243624643826958812128
11657283753838994198640000
387208164814426384777617429600
59044694846218434964905120
116665689920083281939289996800
448464162757568338432639956480
190741483616221603828707844230645600
5759715903665592950322770213280
59146697664627760100354400
1753766563587165078840453600
456569152217206243597051200
59198835155012057022886368
23639656020615172081571365669951488
3883874205027813666522387701760
731669923124434483544160
37048553802738895091474318400
19671090121674660772831423334400
732171273076547005098720
187588628683098427609625088
10797453568949551853748254196288393888
11738004796180782604880640
734385659551298749713600
37185483934784431352364804000
11765004737183325014521728
130276877036437386420766065005070722787840
735382422835002543763008
735660979332678370691040
953528252280843569574591360
735885679306707594920640
15740542410779112684871331750400
460325318733692532660002400
954802419735874843594581120
22283121975262828750808351139647520
92424417373065176612475912826495200
11800692898431759324240000
11803070189519356725621120
738324731670939201091680
96264469484667439237883734848
957744083679591562612473600
65609706746685558620128716691729921440
1243067277346770848488117332480
740137682890853078914368
11852642691431162914761600
189689408396954092339435008
960536366345633502011333760
7412989090536500976209289600
741574172006961264649440
60114879180280479690001440
742225345007589576540000
742650647548594026308640
742659698524164894027360
880816401172236425577063878880
96823706180631111001192813248
190282259489899375712785920
743302529279172022807968
60350196051165571852478400
465972894691174847980082400
174689229261030326590960426368
37753701034513885431322197600
1791323489701202655724038240
746313981947210272129248
466483712990071603483089600
11943749263932953492309760
467108616683023145124098400
60562374805033451377473600
191452912746619115535068160
7483741816538232113729414400
748614990342728513624928
10963477964922343650234371520
749015708210712119638560
11993180696171587114570368
191901099181265179321451520
15569692988020014954457428480
469500389415611503471332000
751852643879211226039008
228547396873584197586851421242880
192741886573920905927827968
7947958839889637755965417010848
117120274562359509938246028337443840
3998643377518240959481854566400
10188810943607114161261029123825120
753965031306408140606400
8532448555742902026437402309760
193173573593434029191777280
61147823891194516464993600
11059127076506979483843487680
190592224496953653501278283097728
3101589633242431278979995648
103049555872418612744377165447680
9482683565267841291296493372491210400
613887582421027779476846457600
9823345724125592242962202944000
758387027766478028651040
758460585601638466749600
758653700377647679491648
61462621326072446356500000
38416839200849045759207853600
12142101556429916574069888
61486963191613329597466560
759196458289379658794400
474569104044110301515047200
759398917119004253657280
31118362210093875401968422297600
61545114848558126216803680
230564003168746061476003425168758400
1587003041658928170192028235520
12177980117272514193723648
12181004318788578853057920
29249324122555784717342597760
475894541561924273745871200
761536403442065056634688
15793426303613686638001824768
761776230189010821338400
12194583281691146120994048
82609000576728759370475096538240
348777982404472046028581247360
15838358507406115798270694400
763946465688248795940000
990249359692571361396000000
764344073932548555977280
990968533989783685168406400
764862121979709812557248
63143836837515057666185778309961728
62023315668090328125000000
29417096090647980083121742080
765954585243973233133920
62054827560967670134278048
12268506453035730066000000
143749711982420562618813210446413440
38858831979647317290671623200
687715312421444985341690045978400
12287503703551444670986368
122933668745791805419985126400
12294113381887531534905600
768402978118304216115168
768551553972150732553440
29528053087606152469611123840
12301766113297335576620160
62298072208269220209157440
769462051274536094481600
52081859534656415548656419879068800
197276019810281171118309888
770885159102671706926560
62492729595939148286975040
12344627846021079778232448
62497004606261703487735488
62517628324913017011690528
482586720821470425467313600
256238576382771927809429207040
15564890730108979560268232881728
772571252883673450050528
12364906996391178347411328
773503981757680027396128
962077181821057925067021693326622720
773755963289558152759968
62680533571845042195494880
62692127816297110406877888
1983938529900613825692853350120000
774176069314984749106848
1003544987754217680854754048
484161250882913377882735200
484248837596173010107586400
484276867854065548045663200
12399633251908071311945088
1861004449626641178252522528
548746573164702343680052610400
776035922860140768540000
12420504083769169724294400
62891750159380865452197600
22185332098099033499077665600
776784546243802321173600
257726169530932480964464158720
7771829408905811670593913600
777346369129134159434400
12451072292602265968652160
11393537412252257642510222400
922999157280900396225201819168
40635448301096580247971667099200
486588870202415162435618400
778639718305861100283840
778883573351561372063328
12464351034525049374000000
779221313353565466938400
3194090871222823768545761280
63245217220802566653116448
39532479231263201447327215200
7151207176717086491914789329600
63308928080711055600819360
63311213427406126840123488
65283356077394375317874275680
5128777370331534372985955808
16211660767219414418597544960
200266399163589107981219328
782567103502983542466528
60822817436724578075595796846092288
598410477071639440245906540153086635593454368
98909641662695994265596836169600
53014873411133680214313471256646400
783848110501338973565280
12550431565491704447616768
51431156939586787728604520448
12560694487337320157385600
490733811498183366074824800
63661856041156603866689088
63751402934985800217470400
787511392607746706829600
1845291295293513983608006241241600
1021363701021573352077368448
63850243587744397186035360
63864044438576098819243968
115512115270006054344793128748800
311853872225949888656691959383008
12627860136084095769511680
11566618026953939502093829728
82939161705838395020551440000
1897395934786808762934508608
361235104595735813341952726400
1899787685921179711332032448
791339367716858019284448
64099001377549893137233248
1900106756832306568405345248
40092095408039747858116296000
12674534509828609763579520
792450565808232598538208
792754686934356466913760
64248809912222524453271520
12691566710074304271050880
7932248212543793019623414400
12698871476946852927488640
794200457856728268060000
794809794748100542171488
794952658786771674858528
20201202692967841150783992559968
1030667096592125289328262400
64424604310058155676879520
795457599308318721355680
796048589690700661992768
11656978056381195095528206368
796582670448541971960000
64563643985779139650742880
498207681863380808244525600
30402208617255055404116400011321844000
797508410469394440294240
204285921586077739807626240
798052778272219256941728
83802436696430361916279378560
12773315729311934146643328
16559823550572870192971394048
499132948159321530602988000
799391004830885071126368
8010283144247264411004566400
64895929215680783780427168
801324839766593350100928
12822922304237908609071360
205206318695501306633031168
802034151702412943613600
1855809651405358260475857620640
40657632048792892978505776800
953454070325920987634675784480
65122313801157623029567680
805029943660956118939680
503897739340510851045998400
1936586577525737605895552160
806617645333219068719040
806704314731468378866368
105197706396199432739861470368
808159476516276655404480
808323425883587800726848
65493990898616561571718560
505404712725654735300621600
89815287094115314910351810443569225096480
679271241719445438391628261940826848
67761666114744039093748965600
65740742445238072043439168
811656026809858980348768
811791479991632501075520
65761902577146047859000000
11893735004618756932751702880
812904772836684174147360
812962889093359559838528
814659317900215822523328
1956406349211359361930925248
13042117871203251154558080
282123544132718870306845002024573600
1129915892121614870900918158775944800
130451890203719153148062707200
815668738219553170201920
13052680860616296791171328
66103520432072228120901600
3346892010763722315991910400
191537537870661318069369081600
13086821356978482775697280
1964078944934116841498468640
81856879370669017014023944320000
818614993684208518699488
773844036019076912066652678817272960
12904584092989902259425641967840
8191901011997224013035267200
66372772834457497040637600
819647579007280976723520
13118065127381607309687168
819901003771652796110880
512464935534125163210535200
820164237838344652413600
13122978829962716241521280
82063963333179334276398867840000
9287841081539314153553457878400
8211402189434194308419299200
13141710343937196587629440
375412794011186608626565249920
8227028183129339214883324800
10664228851175863397121603264000
823063997860860172237920
1066708890864318202279954560
66743181090622025703806400
824091002965123180050240
211018969342651399500856320
977827393324541156524532779968
13201785965736220571798400
825128763651537581641440
54092631293080357568278929408
825530424405741974465568
516438029670315362072416800
762447118696469032874555358093196800
13226878168575314897942400
516835256784718776218028000
827148346767932685110208
1113523829258155548753651928068045600
8741483489950914296732999365728
212063217666334925113943040
828395275483831250683488
104572088307683733875582081811629568
829024182982970611260000
67203257073808516601653440
13277169864084185181360000
42063544446496699103660037600
616266225863289770300192294964000
67394657782462038925417920
6868924080306486998084355283383376800
13316244463501247570636928
380337560384438510808319018368
54546062991918417059568476160
