10003549616681991523694400
6252313968869061243825948000
810492009107036395756938048
160178760252282229497325440
10015073176981929745442208
3323011427668707844078008096768
811403233690141576462458528
804132418707736406406868555441402773600
100231360311051880443607852800
13001430472958742262479330048
812859346270549057725000000
147045681425762774119169805408
10044340543623040940040000
813634672244062279312260000
1953948934494341147412116353440
10050342200998424337545568
10050406062872124911121600
685290796703906248872139897956869568
2955758958728358897728200092806912992039968
6753662526847688796283412145718080
160847628095294590022651520
2574807057221530365471121920
23270260270632492496326194314080
10064846654886075547823328
10067212304152042179172320
6292391351480167993779182400
13048232819361711218095806720
10074503683231329675291840
4973027406155285874040218300643008
10091019849887799476877600
510930955107598778241464289600
13093042546365178934349866880
724022436967552581053015303390208
10108261810261992022467648
844431445255421035487946144960
13111982957114099183069538048
819560886720613367083288128
3359225808413766490614527121408
216617837149508393686429113074688
41497191480923060946111559680
6332653066831071293293912800
24346782817233795098481346080
148500397086201398837269158048
822184279666369982748854208
10164305899595782941486528
10169845781111857525906080
824704269615172165903070400
10182351039006856028970048
6364227362506456947391274400
825176214339034569201511488
2608339390998237435063444480
516085338384986289236694669600
10196352539862564011676480
18790484747036610094896984271769872800
13225024807186263193064712960
41809643486871141185256572928
163388902555922896519551360
10213406087947722244025280
10224722307112350717852480
10229510279036585514732768
10230998774960115310888128
10233911519413382448370848
670784952839738047194902151168
10237601888497021853820768
13268274718778203821356338560
10251595502966740528047840
1336070202528279943437404445600
10255355489579126575809600
10257754642025109598972320
164189190994944357358160640
6414558595182713312528824800
10267939512425927958553248
2630077648617164644526251008
6421860024253295305716410400
10277157836373393566323008
1273702792226210674218414260422651068220515840
10288461990234650702306400
10289241930639555917494560
521174154937030311255868008000
838681024250763957941327556112800
10300360900363964716160160
13352295911030629003380043008
302733558046732810493378403143296128
220378475741747394315037662256128
195605069169783484845629321040000
164966375357948540638542720
165033044879201012524233600
10320671361842382440858400
835983175017773371112330400
10321518282376997250915360
165199807091754977191190400
992028607286722127594792768736288
165283235575372647846000000
10332663397669354940465568
2951689260723364917227755007712000
6459691574785403560736964000
837280274130187555293980640
165391739840580764858632320
2648211494345679676106093568
2013281556701972760145394288928
94743495432762789828914735150400
67972647004668744554038485600
6477031989319298455895748000
165822108764922613990068480
8399389265302871988345592915200
840009624508482082638141600
8402567052992144231525126486400
841026898166137275727981728
166153289853513416239094400
152179351721823675640306296480
10394614162730878546458720
3449085980538719664808159334400
166429390713790463137057920
10402344783303367012958400
68274055955936637450373066560
2664147521942001477249474048
152496029093994424812169162560
10418278203009699264443040
166773556624602073267954560
6517765493845822843631877600
845202772217144283211029600
2672216038473953505305418240
10441719750616213773806400
25072214673503420395092600480
6529057307124139685267649600
167168744646197647001040000
10451646698228918456789088
167245025158142661540969600
167282912076118724538481920
816494013917739922959369959857920
8472706793475601960754308252800
10465266663224736400392480
10469019424659182953740000
143364162926980111811350605467408640
65529163352041842102087491040000
167906337436330882116000000
10498154053537694331923520
752323813076507693295701442943488
105029750264033827747132886400
850947462163859784293527488
10506404503892823267071520
168261776236327230316949760
10516972175292863368188960
10520474473531736325021600
168345832978415097082471680
6578081001895071498445255200
852535005770659477482438048
168443145495493400928206208
3494743788892958546183994470400
10535617101127219521043008
13657411189252315446488650368
6588209991083492329058085600
854416169376724536629876928
15000434840734630117227159228885339648
9533542800221467137977855557596300000
25330573267528816752438338400
168905426140032672720223488
13685103971436855821909961600
166449728663402670761894626845600
7475370533599626437691375562848
6606430191568024284726050400
8570090600643943917273806870400
857009866475835023111087040
10587649323536420516837568
32957018194796563298560780936320
10592896340059995426231360
155218576746095955588349260000
858900223692878160415834080
2301793464987219525278305937376481176960
10610577849127243389969888
1114096735624271574612361478400
10616299159524187569000000
2065788394205863722899877565920
6639654620909577310629986400
8607021041885114129719729449600
10627349162064558098123808
940852183809256034386553311929408
860889002117206760739201888
860984305705507115383463520
43595572915560335804162911108800
303796860405969159757496723040
10643073650711285144158560
43603434092552233050541436928
10656746790904797032717280
10662887310444423516409248
106636250187080834688009273600
24684462550204668856212465044160
14264284422463321855176728160000
10689281658340005817063968
10702128999334395446918688
10702664556405324355083168
867980959958259097885722528
7579290159056120679825170359008
6697889313352885699597024800
70317107338555519999828030368
6029481623790297330149974670348160
10722494302608727171610400
10725377265765071762973120
