1755240950535221518404312967481645568
70396284339195134430599502048
896698858250508172985139382368
171824731559150904653599488
306851685250570576047549290400
203863636687962647306811431887488
6720122826435731684116017600
10760623134580399192751520
10761967549715933086815840
4141854292733519147238054555072000
2760753623204721012238422528
10788680268744984901260000
7998478797895842615263357733086400
25914364826426689053174098400
10801886732983478514109728
1313521097036930069133122603172000
10808899166194988098500000
10810450453692086714283360
3589449417662487966691227002880
205364872862483010997667259306240
10823744409514909234485600
876790744716405283899387840
876923828313497677561413600
173220692073150744875562240
26000525851374148049181782688
173375781599867820572678400
26025530432900808607577347680
878483675272629863151000000
10847258104052813221474080
10849963280316711026082720
6786487257701443661059706400
71251666570820493111834155808
99395080438375901903847680172000
10866475814139344521755360
10866678954314394219573600
10870403695638893569550400
140892860453496456455345610892800
10881651448682824255258848
108842986486441395036281798400
10887685463718064066814400
10888431415064627834281248
10891890417607854926499360
2553334056593454371426004942720
10072457795300975111145988308960
174589817649637205709753600
71607977256821945659898982048
10917417525641735158292640
174750719454879314583723648
52352188458692229065862401165554522521600
885088977612403219292070720
10934483184721925142481728
10939382203804320721549248
10939450257324555342488160
886097308294526924054904480
175060332909566416965945600
44826545290366753216690649088
312776983925245539346728475680
175282048568925363744792960
887621538395509550075203488
887704333291172520274027968
10973107537562711037803328
10981363354913506082848320
10983137940074739106306080
10985800221079487882189280
8904240479711908213457726188800
422318973414681102612783840000
10994063198900500147460640
10997683987388533671883968
117542868759035370109555942260749967360
8921265207262628754803800291200
176313850838548276900142208
14283047821543267845797147520
6889434763116998242222987200
2822210795261610862514692608
176528537016479043560075520
558864244854579585895560381600
176629375663338071879483520
559309768544680984333313899200
11048263308989982165213600
895044468899563849658877120
895177773517802808951777600
11052308948070584327063328
11053474846850347282962528
3726990048096965930602086356040086400
11061844591679645823084480
6802993752921070598910189734400
897145746778494447975306720
5063767569568332987762622535040
49098854536768715513103796401066240
177498702531203724023760000
11096058926777155891807008
619063745836455174192960923650028160
11100874525145333185274688
11106999477660366793500000
111100938859318303151070172800
900005255302131699961474080
9002803318141854507210311587200
14409046749485475520952934528
901126780218358089448010400
5912505779438068931046312505440
901208657210661079468943328
230718289164827221642783818240
162915542227826566182526500000
388647343217476288036912724641080396768
11128215507508935193957920
322807188045660913238033663953006068720000
4347753037988533948814147940000
901727961641581099887414720
163048886923393504357144962240
902264253200934146727841728
11145113587756932647655840
6437162118320387550771816951482400
26781035687940568918958047008
6977970801770936595574548000
45761734911858060818391398400
2860251133873823838135418368
11175232861998777068453088
231886622079720095712091642368
566716030530332011083475408800
6996785592469168239475936800
11196477296045861871071328
733856440596592774852269465600
56093013230770629541890981354907008
907859245306728537344789280
16819395579011791517629848516000
179367832947344526791601408
11211719940299585246594208
10278465889965278272689203707102848
11213938348008237833177760
7012369360971083299630034400
320716232484438075775083428640
11233432881774130883135328
2185258930380251584434060357600
26983546714996393712899262400
11245933831768132041832608
1651322514098676565368441901644000480
180083671786511849930098560
911808276907850374275000000
14596360429234733259222430080
11264635250670515236213440
11285380029173402940874848
11303084427743225542977600
31090184858438117818896587926223520
46365359462325972375331553208000
11311944434522935761523680
916310836036288029335172768
11319832125818789646561600
918449437746196420051141440
918549481512485587284939168
5184019352069047106954293582080
3016573701834757416154865647286399717760
11355132849166445025960000
46523076964726586600339558400
7100134090443458613777376800
7101000473527720807253121600
4016644228734688041362032145937458400
113696580053141144353819324800
14744154479692890767834753280
11379086323830673165156320
11379296609556217733397600
7114584162946433414535403200
11386658446308818051940000
11395567535587562511982560
923230446356409476180021568
3781765840074229295024117280768
2918170318115108138935703040
46774512531180083946195845618400
11408905854358820560259520
11412488132378725397285280
11417546902133018411450400
182885188218999711106416768
14816100659593484347990328448
114330111577324253598743030400
926083685112068371164782400
2679332161714552543355986693248
926579500889561420845472928
11440895211757352200086240
21442543060066675484327621278368
9267819687244189059927764918400
927912160147247238065588640
206750715697862362995877052250883676640
11460121087673585094081600
7164443285644066018552956000
440372394626265033086763974400
