15602503008454445021587488
18534166145690076025174265973408
15633167771926427353203168
15639662047754268823086528
15641708608568639520776160
83032779894139488027740388433920
15660849218920858388562720
250651619241301149847143168
9632399704244278945844745991680
137410836204461051797807578509467008
15675193918640134144575840
1270973835959468011901449920
64355714731911812990036492916000
7736453363208128446615864246625088
37701145908425180594601316128
251272959286582840914053760
64350809291707725156992759808
251678771854052924655993600
15730258348778809581057600
1274271570345243097081742400
6145242370738424889209874600000
251724528007190147025239808
4027601027985850600586273280
1274488751303484456411540000
1314303531657108153605345629728
15753326632124888019039840
326804231087065977836976000000
190991216616845353709716170450240
20438397477505128378441663360
64614554623771072783551836160
20448320329970159034533954688
15783496663410867264986400
799504354598866964840666296800
1279665856038023821418512320
265094107089515879106737565204480
9876303589040239128223807200
15803215598166501037106400
252864721508852258841829248
64761404143306587615897384960
15822593977021754352970848
158391110458464395845166198400
64966956632814418212419676064800
253657679757999384534825600
253692198455126905467066240
15856459116882686475378240
4061748294009918023063185920
44861839030616273419812415358400
587753394044569162039667076998400
1286454648102323845286323008
9929944701200358106311919200
9934154445734019547566724800
15895331597887496032238400
15905511413143997316672960
1288378052836471743194486880
15905961960380880410027040
1288555669122347761479777600
1289144610629086359881823840
1289585231885799979180979040
1290481428895456077565036128
38265221428778481476337044928
15961813694078233318223040
255758922262775354027230080
1294918134995569848754082400
256036884774296466300197760
16006582771024915363821120
256238983977112826871936768
16037569097426527265387808
10028502425694624417576808800
812721735000763409363389848000
13013777955419772647937233212800
38590832526320043211319122080
37207342502437144069389996793440
1302890822819761560970983840
1055790734846640847344450478080
16110318402232945622978400
1886997508781063507907021066591302234400
105847642954638848636748442080
16132983699661341980620608
817001898703860290233310128800
16141272965360511635940000
817447790160060421304502705600
20931716961848906111014604928
20944477908534408736074773760
38814167838367246675880109888
865626456751437792495563993247608160
6318986173731789858594841380000
16179846329248486987371360
16180667789506028950872480
512319369709307063095226976060000
1311701513989953399903390528
4145648892988623352469168640
10122927114463143216481058400
16204686499237171046997600
10129493978647963033858699200
10129779566939273668383448800
1702010095704959832913481509248
10136361193736694996173810400
1064539015467050130289654207651200
16226993919965556874713888
43859651603752680624301788054402048
14995476759157661733524511351840
16244929670002994176946400
1315925817168272697482558400
2379136034814728208214925099462400
16257200420936994625186368
16261597604412010591936320
260245301280017523010880640
1317726273637450175365500480
1317926713307374154664646848
1319152119303438317221743168
16301854909268314944732768
16305893927150667265140000
19522569875898707380361248892363520
30546587770358369650995683262087168
1569471093884433228238211962500000
6100160502783699632079830572663968
16349636752398523596750048
10220328374682698994256922400
1325605118863363033814913600
55957666730570619101411670060000
10234147059514537664761096800
10234423345822610217706552800
262020909991199856452688768
16379461580557355067060000
16383791408171187791699040
225020856293496843593195004883746840000
115985681376035609848328197656776099073660000
16393283181249098777640000
830434884876344311114565484000
21259485618579397856307513600
262557721372059221389559040
1329481788518012294362998240
19481014597276783255046963927328
1331478170793303493025752128
21305436324543918008333510400
10247110311017851462237158527622528
27637907759196737633778885166080
4213024118313582367242889728
263414783898703204557828480
263520584109703236117360000
21357357278457268311380438400
4219458822408144039328977408
