12100655986146843154502469600
127050487466358202134259386528
3766237944674533912075987373760
19398523307666072532925248
12126469417336063278135612000
310482217236543221712551808
310495606587922479305662080
19411180083577808091366240
284207582473011539929963902240
19418295700235747738138400
554894560446295390644823500000
19433579956889283429233088
1574575233191562659076917568
230620561322786326895904096789571200
12748829043028749836225328742102216473600
311193288079570916522966400
19465538508086254426137408
19467950094418216513082688
7915775939419616122866366253979520
1577045518622222071493977920
46765318662965312405738110368
1577858262987985891407937728
19479801577939680180941760
111414023221063263518800544888040000
194900789890268075875807392000
311856880057061563091981568
2047550098631445273743182228608
312160085480675411075368320
252851155154606437448671996531200
4996601710845955487962560000
312287817044833088505293568
312307988769302326946148480
312348335149884547132814208
285913185624847145915423633760
19529889162772872708704928
80011029094078510473802659840
19534619387502465942783648
19540401940120368401490528
19543451439272447231869920
1583297841715054290146276640
128263610602388793694788571968
313020508574668925889782400
313148504089313906926859520
6495972018671500225266987675648
19585023271462061785590240
25384909021761527983905840000
19624446048838820384669760
36787579401527331974794294538400
5025063391771066940441230848
19643651908566401480632608
19644707583985285430088768
314396829053569110435699840
19667309238066643805778720
2563427964386483041900689201600
1593468603805442397468285600
755776689886770439342816529280
1593645521955150852182076480
373580144648443039949436571096320
19696276269261268433810880
12310860236098883966406213600
315201775706486204347784448
19706327049438578428107360
288562871468089168187472082848
1647019538346003970392134974560
7705453707166720556700201960000
995902623999236702490935102869766400
19733324479562622726965280
19737773774394169512752448
25593601824697750346866791168
19752186177606449186270400
289245375529837340562306626400
5060159621167655955333726720
19766606472265607777291328
19767561034934624741121600
10007730672425169634386451789200000
1601828340990052281448956768
19777108563258838206573600
5536746675157681670599446333120
1605337514617865140380134880
2080686932370913691496112167168
25687500644235117136777286400
19823622582777194564032320
19824579209742960711719520
19835529739576746874881600
19837975623004760181756480
12403361535553362981435948000
19855741648016274726818400
317837046889688490425015040
33368165018375577245222336782848
1609476207226831344277689408
19878312111356313429505440
33393921995671425898913936678400
291110816073826675941452238240
318198298050927442179884160
19888432474984799576029920
412429827376767860682149882880
198935527196980511101878518400
568427598225492542577051848928
50121782527799769059550656985661440
19910177682505053128605728
19927245220577085510401568
1614213465192597525707037600
19932367621073795146237728
47882329403090370442598329440
5113586104667500219259612160
1618834123761935618683126080
2605020053895994239906460680480
20005576206742703798073888
20010499618872757986014400
20030416595494968201517728
25972946723786657543449839360
20046167947424890535467680
106426195266596644235112374919168
20074801304106704236622400
20076732745790860513614240
20084352569327982812324448
200946642470293423682725219200
5155522659809954924597073408
20142807441738235369642080
20146357517544902568764448
20153136238049406962145888
5641314553688740658479172040000
1633514231706123698128518048
1634825689832996640921060000
201874272374645020391307292800
1636184506219775840653168320
132539511041476803064838786400
323377936376251243861067520
20213035330427829906525600
239830032096129386712538817721734400
12644448379009139404996236000
323716269222536278185710208
20235909678098311749610080
12650506727597171742805456800
20259667730342650094374560
20261720543042245777307328
22773650319237006427211858716460048534400
324234639695033279046551808
1641639915451813933806717888
579110050493019378475413786528
1693656034751576291408911500000
12682588780084854997540168800
20301511064052844182717888
33829358044570649351930116327983360
1028979906235917502302101217600
12703559422253085612919944000
1647108955501990539341162688
12717441382884578035120977600
20355017619526087249271520
