698988396422049380311462560
178947969058938578540408640000
138164845269488141774503680
138168036843742625788994688
8636570969027687079720480
138204971939150732026857600
35383201806033769316828325888
699859313304986993947005888
8641873020014824689000000
35413128889742792719676479488
700484535689992260314421600
700663247574226371843696288
8653740206085437102848320
138533609450581761997526400
8660021060536067825362080
8664191150879473858010208
26961067614566033782093201915008
701983075465392941118028320
20808406737916080614933434560
8668934315892420517287648
832778574487895792914302890590560
2219750220622884956647638528
8677110842586790554477120
2221862074010792493375413760
73805059909070089836204895401600
5427685770760691649410354400
2223733621466873824047825408
8687640195858590724685248
8691362093890597232320608
5433404299426972527623632800
8695027900252855376661600
704917714193043319908501408
440642645045872409953890504000
5353558549224358871020400870400
1275578091463819354521872342140800
705710510915524952837646240
705837544364881622918030400
8723936663645690037021408
706646622847381228937242080
2444893336025799010252062840000
139787779975380404575314048
8740315753459353288751968
8744112092472794555630400
3998886184192396395129198240000
8764264865930936654978400
9866637940041056099107636658008809600
3424722512063081785303662900000
210616847715050639359834349577600
2055749477438105374516676279040
21091272334357949099922218400
11387612146716093088616774400
922468648113257534129289667968
445382928238486837282550913600
4109528790585193974066274474715328
713200526032674113683332768
713481619277660253970513248
141120845027292647887327488
578242688704166037423972433920
11438882791967543435121852288
8831248082116075204203168
8834610189145030198023360
715619078871555175944441408
8836175635352633038564128
716408350511659277846961600
88450823421442434272468755200
58064531819247243787660637760
58092001898490342333190347840
8862064601520351157560000
5547788484608532834200020800
81228743162353750442374110415200
2945741045000793462283169433600
719204225623079462386731360
8883526917058230399209568
184302035550940077607774417920
88894053032555024596875772800
720309447831125614934541600
5564899053631758014986658400
8908294666475292163870368
2089248560067147101477260293888
8918858523797781609960000
142709443989717138966764928
8923121742709697155152960
89242578855650868705297427200
745538702419373778062522515008
3629734688447680383709223508023040
58597676235420202697698772640
8931360506017594743859488
130841475867769473349437056448
5586061436582697590727295200
724081155542510584814120160
8939546481690373226898528
725433923236518356915960928
8958512748132080588996640
143398782342759393380050560
13455320835897622624255585591200
160091972391127682608643008692000
726913702491428898376733088
8978213329057965811392288
3507653744332514883527151060000
94813983420419240796886471561248
727755097769685740106993600
143762939599031626149507840
8986666374315773950540320
5619948318049314358120471200
143909078577659153658953088
7286552156506125925965173904000
1172433511295313488007761296608
9002355521598334216440000
141881855379471489367259666297568
9015004028444381863742400
9022894023195117719161248
9029080099927603637528928
731600550483700655301189408
59259730530994144235445060000
21706222974008152842856278720
9046240993863365632485600
9052911435626668879708320
2320227686958933915571465728
205523722055926840272249057229728
9067327449560565743009760
734715329729621760674193600
21784647865839776233878289728
90746040199152198816324432000
735189632727406655241769920
9078446608185539138666400
4824895177372691685049245738720
145301778600357686635569408
188311360749276575838285669888
5676714519977879992925352000
2326167768460696819775861760
16367516978881933074681968660916480
9092478413639140335552960
21833397816637938902579409600
736727503975885176472938528
737377266661176604660142400
349780584885333728511266289408
596927643496938177961025126400
4841046761834077395632839840320
9110500822327716980645568
133393396832362767843331705248
11810009371724611167763365120
189019269741692606795481576960
1708208929056103935931819823393088
738732586453028326025743968
9123916412780654600736480
11824679060057505247550921088
9124450968535293062795808
9126530019764268755170848
5610789561463146892765364487168
739598660516134242490832928
507275463740352950566826767647467193600
740001483717160331215815840
1777176911603935063312953635808
11848931907009770840153040000
9143353687412183828342208
37524823629395003154301728996000
9156686429783741973136320
741738232458608876858521440
2145783428286641125721631446400
9165145984271067328140000
742605338171586473195245920
190144308222202830589908334080
11884936803742236132694021248
13762489484758410460388895597600
3042782434678650540067846287360
9181306893372853074964128
190388271573735093942518822400
1469178345019604229559782105600
9193008537782805678925920
9196174678294467210549600
744983715921301670590651680
745609873488927927797753568
323617021365712073398651500191328
745709966158798344170738880
9211898003881817387241120
147400657855267794017040000
9215727260635562857863840
746525612477955430390944960
9223688753006453436717600
147591715066571276890962048
9235550755000604125861440
11972348892958571816210340480
771675509474626418550664221888
748403328751766536984759008
9245984380344280882961760
355233984601596936582425078400
468190740805653607362133077600
4916389049258762701727234366400
1480286105338789992944565734400
9253605306701233822295328
9256186687620532031663040
148167442633344305391013248
6551672703839891734474442351808
5792827960089298230590848800
635960150565006680219825280050880
4237968894296287941920415511680
12021826193204272596520139520
2374684924390660977404136960
26891213055149141538777991154626560
751906177355462889992345568
9284677713597444031002528
9290757076831082856843840
9297441800163447233053920
9299550343647994395696480
70742564950370986806958108183202802465120
441431103829224877336969053052320
