87430219564795883142012898560
67567001088464193644618688
834216467661456016169760
126650171515007750735790223761600
521449486736409328792968000
32054075683689990456934974720
1083532425858234645091793280
13378895650790005825529088
67754635747413503907316320
1568152903130087353465801340640
2604566714544193121513738640000
837698119217424311024928
1085687790026922282215979648
524015933565824851582384800
67927936476616060378802400
1009580618985648127806211352754036451200
42472965692685798686401408800
524481998037570211515271200
839959088086913427552480
13447328137696846976943360
68087087327319861102211008
841190657577502433287968
32349947917196803322935849728
842155006433598448499040
842732023370309048580288
1126538686330494941204214428928
8430460251768038169017404800
261378784640979244212914313740217600
13509085721627358119975040
5577990643848805344218737635746400
845521794434313554707008
42808648534890466586926831200
3463724640860332313630330880
846390024876030265995840
2033682726262856153843157408
13552506354645295183386240
216912672162793159302873600
529957831604598000910658400
217198655552088017072939520
848618542690866891591648
68750796910309042756500000
849268938164817534931008
388097721260635037383441377408
13592827625041315723285248
849749470128547893511488
2041079760963000336148130400
68860262458125349676625600
13610135683866733774350720
531709498834327496377836000
531804713435601287824615200
13623047345801429804787840
1103516655688895372291854080
852456263153682266767008
43159087581458150264740984800
1105526050273686805057214208
853309738500085267054368
89579122732211726214080438400
13654442485620100913357568
111240215567692892741809471008
69177230623730080556460000
854485570206904266391488
12515167867664867001514690080
52592060432948726419824919946486400
692702114321807948704864003200
24438712677895340723104065600
111514121764848771902643309600
1108985495778650830810181760
71474600165816712515750936928
43334669998943322834546417600
3507740228640550331556280320
13713041402011319477754240
857143193171977461000000
857415344518700198182560
32943682459083756491003392128
2058982747308052071119587008
857657311229006185033248
219584471906659887087548928
92896907425060265094645252298368
2239025222070364455904182006000000
13734983828880581915453568
2198368865499817567509543628800
13747338010044385464157440
859241440333838341792320
12581699493042639990422161440
1114177879207989899168277888
13763418987297243033203328
860787319782775242631488
861515513796833509225920
24611101752670836096403569600
861768466970654932996320
24618616591997332468060804320
862487157726565403118528
539234224913286900409790400
610468380472673026405467121440
5396622012330225908366133600000
33173376257727526602773510400
13817826866934675405924480
905950255852848965422679654400
12653421986998297941345956640
864331488509077848705888
70097694641933906628360000
865498386333539643706848
198126202216410618816930281297568
13860770223476816850215040
866300678745367471905600
1028105132367571224197965908768
867245864218260093084960
13878984311277716028198528
113067359336396205423937229088
867622120736354046890400
222219011080474266305018880
27485104290816086996036496660000
461839137305057433761531342400
543551570434994559408936000
2910763024739177856800093688185460907200
1128383556475085343025953408
27563031879435933446504909880000
13942875013655102406729600
223137923753776102141762560
871666960381258015942080
1308282862535721072657730365600
872085493628696222842560
4844162694195897872730664509292608
872167176222874222632768
872310134569608866709600
5723398018410319327323212640
2095653358115480327220682080
2100293322924523706617370208
44286184317086913746494188000
140023625189914748319904627200
1134245206689125612097421440
547030469141985865366442400
875428948558197714360000
224121934419510522776467968
70967266284047226033834720
876422584208216695736640
809399546185704674814265700160
44457433263019379108791591200
14054885720593319984328960
3603272887740683911544760261600
224961950749252119919692288
98974156100187741290558326559040
879470213571813517481568
879644897159478525081888
32587249588632702861102860054400
880837550443227647345760
14096322462235377116664960
881362290265648037411040
225677160545183301567951360
2118068257040541882265176288
27983607752296587196988903691817728
522842249570136624286753864389120
71536615003058547119450400
883174957892040060776928
883917309045209501790048
5987987127074276835416708040000
885217549537363347888960
1847047704466401059574735563520
8862809929981448278598563200
8864618581272787944805910400
16821960053596253493900312037248
16827711129151527273069025519488
886901734247488767194400
14200563453428095626806400
13006555609821042557270440128
25405734325848752261739662400
889593136344072261660000
72107142985264053884783328
11537746473123552009011331110400
14246967269168989720560000
890629920309690412740000
890692156152619080619968
72149705609614537890012768
891999862471109713920480
892602306262646355950400
13086784395967877949229761600
228877116620461489507353600
25548418007175936700708721568
894682039313975436734400
14316119965319255653764480
8949427817479712484262070400
895567025480608288500000
14330780619907470465352320
896265065399063335321920
3864781815889993064563418367424692386400
896827961648265669436128
74069328684457448653599717545625600
14362890056163418338180480
4766356784519406321130014842880
14368232954491752896004480
230094518796254539950681600
561995582728534841960992800
899531465328074096949600
15092070633416710551393443512320
900074989646036799298080
687932774760215323636111117873970400
73038835609821503643338208
7667976807911594974493037184128
299229089679688648688479162368
14443190160056836012947840
31734480894626875085964591155808
903110701566983553685440
73183950190055237604222528
1171143640091846346878999808
14461220088185264896769280
903928512202379873460000
904138296673770859461600
73270329323791329889967808
33951222167198167407611148594311160000
905219265024761042093760
905303264277944214005568
10360694658530319267091054742854560
51957406589341997776789024723008
3110831108374464584340008524188288
232240184462213632943344128
1361619377498468418674403813600
158791298599543817669422730061600
907931188082533576481568
59503191262586221783066337280
1176861806506793320970617728
908299553452339287199008
14539236037642362664796928
73671503557138777024907040
1181615556969022210973809920
43335874619339751152313050838720
14618243866589113973066880
124301177972014479237852013877760
9144884683113565258853481600
914991654569308397640000
1186200741774512290221360000
178041533550401131061310322848
7516091268685850370052124302471488
18999444198506409988819822080
572911739436269205345374400
60079060180227497661872775168
917439111057896760675168
917449716769304573311680
74313999771005469897984960
74326886678650665236107680
918139285272714196472640
573874195271987277467887200
918224182099561557105600
74437496569763016841988928
1191847697705676899508854400
74491987169682679237246368
74548516902604507974597408
74587274126491043301658848
575800084639078845788510400
921550394474247780960480
235945165523373544212968448
19127470552135200246748423680
922806708506974936365888
35450966344471917783574963968
77108023658067544104977121120
14771853775424586486369408
74853815381866224690719040
924202934122772451359520
18624475700112247764525815643360
924448236383090610578400
74892979607318631328471488
924608242423832089569600
14801798355499744431400320
925558038871713431983968
75035367205888106819985120
75056425493598382542591168
1202104572829046328699129600
580066136327181709605038400
126401865761050311876827337515520
929214628646121000996288
657484875058856098780575574848
75305710919268947233097568
148756120657285453546866355200
930757482320136267537600
931164944465420031134880
931679824697506631099808
931776388507206055260000
75495907282239135703424448
932624326325360763460128
75558516216137876712697920
47224145121709884458093409600
932839085899517221748448
14948591927554056940809600
584189129112334803817639200
348941931678468567599114416672608
14961583856643630292339968
935602048259443143511968
14992678355229186747534720
937228282831409000842080
3988494535104118197537710781899248084284086052000
14998109782187953246377600
19443259335521049142620699648
9384191452092635051211523200
76016508931755656533241280
938694784651157160826080
938878218311614469834400
939018509249529083194560
98583502200678642427697910528
16463322509424346902482910036767750400
939795789907693829697600
940562747446472263552608
15055445084784081568090368
941038280615335161050400
76231689366965972741542368
76278693160816353350428320
942249542343551165636640
13797621496976829996201926208
6183479731328058481009788960
9427414100652492014923459200
942823136110175019960000
589654256504662283426925600
15106008251603750276442240
241751964999352464770638848
944458773187361195252448
944751462232173898307040
36297722383462315349824618368
242285118873959523535057920
946921648077666423270240
15153222661995668722919040
947280087771134568499488
947953795104363922157760
948366890083969285377888
76845316718621971872027360
15181134506502876857374080
76866461117452063730122848
703694666436993218155300583457600
950586866277985219514400
3896372586681694582666039726169280
77054603163784474154760288
185086836129145914700224092640
951785528414437811640000
594883671335727072499387200
951872748040095027443520
771130119852619234778152368000
9523029374888240375396918400
15247285041625027405397760
15260645872492202818473600
77263727126135930166080448
1236541630984396863897335040
77308847557347284291252160
9544861164970081652068886400
36669463337317616628852129408
954754360149702054498240
955617931185615737802048
955803839496381861881280
153083141104519642129998144000
957040272462168594262368
957730131812093129189568
19859671820118315600555840000
15337663055034248784086400
2301866537768339000530226400
958968432901888716010080
7361792581281746416018820924160000
15357226118541913003144320
960350608950591885625920
1139457779974762915180344510240
1245417073518472715104530048
961119129836579063531040
77857173126945494555071968
1247147068039908853130576640
15407227431403306944418560
2313121406766064017169606560
15417788094813276579200640
14112220103722179773224738848
963889624792423003989600
15430468056110127867815808
78180902059627136367880128
15446681608792461798240000
4325760383455771652211171905280
684473433667388661573942302400
48993593946803126800780039200
967957222118046859446048
78435243723033313891740000
78508026616612360983223968
2242339862019038371220473795680
969404366104711560909600
37250208064298930860762364160
1256898460128380823587708160
113508144709018902506990452439040
63672344204545086487177257734400
49165201715832732223373565600
2334458958503400154019586720
15557609652468918654633600
6380704858498255140830267328
14245642887347112072001500000
37382647164277197143120833920
973799897128863706006560
974055007300444242060000
608939694126618031531099200
3652255575763379608024522920960
974576475255216269029440
2340239801217317712448475040
6397076753684052834855745728
1264503129824102240646000000
610119389540302539149685600
610329138122272464867316800
1266017629698451283080474368
976897879509694229369568
977086884072307270400160
446520596813047860412423989888
4131510743249496442315787770375200
977331518921984451825600
250503410136341771771880960
1027649189674123609313092844620800
2252137369948100586342391302540000
190452212880341003094618561600
793328704721790775534947974400
15675639563919910750081920
979880673924391100425248
612623225550761139356056800
980694333853467758780640
8974016173770357915980277835200
399086623159597443193332732969600
982245032445717171518688
79603749573400339524383040
6449019082032161533480223040
1129023586295525323369804246394880
15764333229019040419525248
240560353270611694162578829500000
14426776126507390623693645600
986370556530821788605600
15785826120875603229671808
15797208330697937605975680
9879386310814468257957052800
80055468636845199001665120
11185274920139513976369551411328
15815953082199806956344960
253066375732906908496135680
7011217381656620529893081412476636912640000
1282020325798467049581679488
990677569628840343753888
991160742011491507003680
6503267806881697819426773600
80314672212120700311265440
992465065300115633672160
205866856796916866190438235852800
992993907407562351009600
6515213523370882862683203360
993050179641445438500000
994615505409352853479488
995314304746524923722848
996442176283364032345248
996622724644540154773920
5747640851984094178159676180640
1496727259191918734927897311200
405567142342204660397497290758400
998011509605570115482400
15978805823686762785302400
1184708476424262421191759823008
999865480078206642901728
1296897475570844460426000000
626107423700830256923903200
81156614395699625870606400
16032401588167078300306560
229391019888727612501579719049920
1002741970149579307926720
4112274662330984205241497600
1004568468114645327912768
16086041192379739597706880
16121056407377399766215040
14753905800380599427010330048
2420527346685340159384518240
105836821470383952669963465600
51079905229712475901676407200
1009584263229204124994400
631079904431071295260552800
16161143758735044623950080
1010119931798954530706880
1010587391203170078497760
258764018040650308856778240
16178568564351399386788608
81944130786462707277060000
1011659739795246833142720
632576979332519663165169600
632682587845979411997079200
23660460209761273919524958428449600
259231491415851579906516480
16207153810945121890419840
1013292714985990248770400
1013418410292542248223328
259442060950712290438714368
132291029044367750661687488928
32035688884088688648970192596433142400
4159320154244977332152094720
1016873887886083567306560
1016999916214182466466208
82394009146393895618534880
1247914015969419219472463512504080695040
1018134698398556092828320
637048322556931479371469600
82575469892136521900220480
1019477028663611993460000
1019706619599041747925600
3163202010631442739868843215590400
398401473875995565904642120000
1020085529419738296815040
2451282116845611560419651680
13238846165433043601489783577600
261626201691944383340766720
1022740855746483147434208
10799190455306546551129493162400
22064492646478903542827758520076024000
16393559702455172739392640
83014252106607310056382368
16403885664260493120470400
1025332192984854273599808
1027004773094771651809728
6742765215489785735422068768
6746166923435893149493298400
10286614866867402682083830400
83367346596039457841923488
1029326698514684636421600
1031062042423551706497600
1032475072765856855873760
4623821101818149158380530937600
16270918079120308495277880500160
1338764896090974005752377600
16528920019519928243569920
1033576388686537464786240
1034225998055557129064640
1341310767135337944008316288
647221255549629308192517600
1036269621142543909614528
1036804248768775654860000
648421242000280544541345600
1038281359912993015865760
1038304634121681173099328
84193517224727755261875648
266153596985393591306265600
1348388537617896398880359040
266416114011495561023715840
266607157424850208186698240
84360619158917624651314080
291458501487512475603040794528
59704868634312753916857013542048
16687524250279684047961728
6848392185311004356424897600
1044369217544555172819648
16713040123379804240919168
2509146522115532137666110528
2510522568004451849260392288
16736900051401527433534848
1046170355312847089651040
84743906698841493820796640
84755599283936759878653408
2513075567606626724206260000
3959628598873826339406705030297600
1356725557069681064510926080
21708873513999803585459225088
16752633487214337172811520
1047118641403462483979808
15332142254058865861401550368
16760879236344295141641600
36828024770554922929355298660000
1964807797813155679960851562848
84923537002782562576130400
29962163933655592640242882368
23253218257375974315264844531642145280000
