23528896195876312124371488
23539896980770377540365760
154578137858580998569475160000
23579580173980437271425600
23594353180051293923158560
23616283296311363796016320
2510726714190048712930526532908890560
3779686089951487396196849625600
23644657591584548441101920
378405271211370555407894400
14783264626146349032242376000
1977658599938395249092516686400
23690182528625202083545920
23701482878998704229850400
23704521296921501834162400
9913182487403035608339226289949600
23706587587968941024093760
1920870355339706682031560000
57084169351302629072070434208
14859997544959125257969743200
14862677707157116387495509600
23792518804001173391399520
23803733819570930662500000
1988544174331086149143385173440
30876180665315883132181161600
3616712760183409154021327555522400
81481770574995487790849029005600
1562227767788295918655829729280
23842895524736450737832928
381505372342714761638571648
23844116291143843994991168
156472931818851190858757534400
2504084982249503997866544134400
57301454003045263332392504160
1933869801041980955653500000
23875994876291133688751520
382099510619791351326487680
382106355065819066489810688
23883450032945210932705440
23889195360749870811660000
44777815067239265784623365714080
57412447715855239035182521248
23917692825964313029285920
350688980283601341913562597280
6132751587813257319752885760
1941065755382613461515467840
77071199825093875009497249347064960
24035007857287590977486400
24037095716712237847692480
15026670122651403184737568800
34777863279143138991658844062872000
24057735995518321764360000
5635842397734521926075821705600
15040878605821906361723604000
6162159339641133169925176320
150495322798441309604267032800000
24080111294863369019846880
24091919936277360679292640
6167960641074939844774998528
385504676188304529667635840
57893032815236190492105856608
3858439284468842438984391513600
57924074791064132968677500448
11026163530986511688109254640000
241374175985568411057178185600
45179843330914375511822259467796480
24143510588900249772620640
241620554057132521807903382400
5661220639226912520361378377600
15117855734469913526023524000
158829287427910861897546490400
1961123229093432513486611520
15132530162143574090222191200
1961426653307839506467221920
1962864228729416545843013088
1963558283259772040190063840
387873417621778773309203328
31418574487898762982439601280
2425343063936736270269726744640000
388562102741535918294240000
58324596210663362265024685920
75590442247387538596098379472640
15185468240027686741067796000
24335451450138880181460000
15218754823556205027873969600
1972400182575103488175607520
24355787398849165725077088
389853873495524446717626240
58528763073330322952660846400
24394758860109053861691840
24397366899144396316009248
1976290674033674653802447040
390442828282067891205203328
24421470102601196389913280
1978766689783033515763984608
24441362468293151310747840
31676744494959848066181323520
1635554455702320352849452966631545792000
15280857859107730547809905600
24463382552953993249473600
1983608000790719102819506080
24505847369428357410656928
160792221480553798364512509120
15321731721055679289243986400
15248200327748740658201841715105290240
24537139768258096627179840
24538137628105127714097600
31806747868713265860204038400
2051435437922830290985066467648
1990331978399143650805076928
393263718811456188956184960
1990999582407639693540588960
393552544165232339873351808
22734316685090331830355045941568
393935557804983288448894848
393943561069443313745806080
15389604474188810432573244000
