58757483732017719932237760
4029728411365444166705431551246528
58801435389013030576344768
2977003481572529624085571224000
386014657555391969406098050848
76274116184894242038675384960
76277854951475560883463801600
464207849726514022844715447636583680
4773790433440283455532198880
4923174080506841410511603756448
58949803858306880009050560
368495684198820958794417216240000
58970265581519067370501920
4777066062785512096805651040
58982785967464058846546400
2799424050016843672652065911940320
943933603612216826832110208
36897753366595578101007201600
4782633295767125638573052640
6200338607049678015379269881088
36925622254071556841629466400
76615324001837704246445089920
59117506068849033936207168
387919898509380161551343841600
11506451247829604937714915960000
6212189359865841009795308822400
946882956851111849994297600
28397454825429867963133262921707008
47952324499743615492610809264000
242795505753611052215704599319200
15162962276727727546444638720
4799931779473086385342221120
15170894511702533434257520128
3718276346138783076352264613460000
59265747095103273476951520
76862735620594157701104277248
59310708955032574977883968
4805917323186987222429060000
142465151133429830062185837120
59357148026423565768698688
4807981249644471840303088608
1695448342205530494193438500960
59372391787188462175443648
59396352200297526560480160
1697065986179071526757312974400
59429279338578383346443808
3896050345578695773444823654400
15224398356871554421920526848
11492944677109383547193058247889211360
255856238028974780648430203128187289600
59507778560195318985767520
27209915837932305932403899738880
4825223966582837479251228960
143137928205595854842941021640374526400
77243284282654804466738533248
3017424934733509563761549282400
4828113177017602812261562080
59631985224013222666197600
203997318904058203506899281310400
954864606892966643428214400
59694404389905889936052160
59708740995040921302355488
4838626158611235299871359328
4103656074950050428830980504577760
59846649894700370006703840
4849024813287422783660296128
2982921698299795877089151349788160
15348828862072437782155918848
37473370425105506097551505600
11674718041979493931416971826240
879085515605471190569565994080
60045541090098153229414368
960864352286934982362489600
77864127188689091832578282880
601227078993991156225600569600
4870301113040510590866446400
60133688935597115819853600
60200169124349960783868960
60203836914245100060858720
963317143518297910650000000
144627764842709949943546635840
60240524031865334267536320
78145432728436369310815847808
964867455364276222961368320
964885083290052262375909248
60360485474940808244400480
60369796087273348233681600
15461482727165485611028546560
60421514084065322011063968
145117726671489117085132958400
