35630543675177641900970769600
57044415754890553551083808
57065788841227389496260000
57081763859091391059926880
4625729336653382120777748288
57132295174528393332448320
35714943977443347300604034400
2893327922753973297105256144800
137296853892070094449157346528
57184271625501999704528928
14644858433056429771740115968
1634130236827333082842436266848
14648232505516205063077209600
35778945896795681149054850400
35779681712408914819894000800
186956608974018685580821651264175520
4641856157783222993585583648
573069329118550006735270608000
573205073360273867166878851200
608835964129431988050298566586778400
452474121609688342978763391000000
35842238061762071458969615200
57350551677450304244798400
57361634171623679129290080
57367529769694744358479680
40597233357007787325454187898048
328351822570663530377565272874120000
57414474938256588617263968
918877984547477139766089600
4653829109688687061724557728
57522629058667928026289088
389176943618509396791956063553600
842263043583455780997391058400
4661464372338724254254605248
57558556750170986175014208
575659925740653917126272982400
57597576252494536334609568
36022352256977209007493117600
922629907833054925660937088
57676385120710240928419488
1385128445956147725719538610358400
36057864309404591936301098400
74778494133397867117448064768
14787572852811562954694269440
57768549518666413879045440
1641376950140477106730942988065440
4682812396285040778879386400
2220953481482113645770254196480
4684951864874820378688371648
57857976153555838499265600
57864147332383074976001568
14817696032673641859125319168
162440971178464978040676474401141734922880
380369097123791041794587593248
193246487386754276605873110956527853760
121049816907248475624639186304128
929758580948510860296549120
4709499139274309379963437760
4709557026206952797825146080
930307326758553737735865600
58152844009775819097393600
58167855222834712684768320
11312736856692555387907934571168
58193357117011432391882400
58198363145859195054285888
4945849440596011585283499617845248
75506855801530652085142055808
19336188994043002154481378908160
58281844519361467059120288
58285662956129862605945760
47222442253170666423993825734400
933098631227155229168042880
933343144979843536939744128
1666261977856420734645707966400
13670908583819125549758771378048
22808462237758911444316765320000
14953330682260333507563471360
36512948420884745038958853600
4732761087639502446551375520
140435353759203322028493530400
1851332252031864652021111326600000
35978218510863615695635755978240
140584133220627633232296313440
462013722049056588193226291234400
2964435012637478522656452525600
36598222567334400221754492000
535950934608860760235847555908800
2966799936640356864363179822400
4748636128078407492530669088
4750442045069966924627501280
58650469779106022710371360
58657183840068014065989600
15018042426619629621005760000
4753297609522575621487787808
