44224318648155669709249248
44245082650858134106295520
44245276741437885898351008
35856392800337002615617124790400
7082770404158503314284887027200
44301784235944686959460000
709432552919664451155704448
44349401227768114179981600
44352512243533831787961888
44353873364397683308416480
560056052887150996810009216198584813600
3594165505904115483231002400
710054840475152792899314048
3594737980178390078693494848
102672242506001259544953417398208
3597385906406482906503579840
2249251178642886665055156379200
650671525732914093458334398400
27780111249759654041881231200
650890832273098872731129433888
57658489580557062663739827840
44496380736103623255060000
44515290644933123729478240
5209792309327931965227068263630848
4677736913051245744373171654400
44575374433910367952413600
3610974225769180128728618400
44580058840580669820388128
44595676196049473409995808
653750506662635393139486478560
1715659960545825318036484808448
44666982455558875653181248
4696198191891861139992109097088
53054981815615758767080924837920
3626604457831592364486018528
183408408770363843069600483328
44842387269067681813665600
3632609215280300891176932768
718558660971175715298561408
3639904289841089339277354720
3642667308196112420992168128
11514038030590044739704921600
3646918317966462058829601600
11526920758233575712947363328
45065517616884359041992768
45072011816972765022487488
11539020726715458417843494400
3651125220744695193137077440
45095239244366636418518880
45100752154924074252890400
721741996389705560753990400
45154135378178509985129568
3658213994833833056610861600
3659022972281503649015851680
45207763226104144582758240
45210130260248648467850400
104705639769259083650894202257568
28289954018639073853478364000
1793920812104002129042852957695928258926240
186680402527938860013518819706566040000
5716670032474693662096912198794880
3668426518564463337953425440
3668810503685069790912747168
724709893757730836808486528
3668997174006790548770855328
45315359814851851985052960
11609302463730816662020769280
45370515640951071531694560
3675871597745379176274489120
726150581989813031369162880
726175904144879032835391360
66981393340365017629412752461608448
28394342636418493137335618400
45439976727380589879167040
50967785955652187159574914503631328
45454235007836815050360000
45464732830424641735019040
45482563487127210517308480
11644163996806572808404638208
94865020993235806736282251217280
11647423601454861171234436608
45517249221733484735981280
3802085490369314988846254534880
728624196037812298069198080
45552748293576880861023840
45564850485087012440433120
45582909055842324802599648
3692531814863776668977352768
8839706755954776542287843699446528
45683022967419695419916640
947623476695351305217754405888
45706883899455213972334560
