84012234219501606373960965840480
3706413068584276330614048
948954901043391055888389120
3709678101172196471837280
3710041015682237154238368
3005750202135430481281374739200
24348436714378489589196914880
3711402182252701309161888
770057508162265828969696337664000
310269504787712872001706506400
3714973242264752473164480
2322055064553617870825781600
3716335765725676453721760
3717153459682841932369728
2323383711679267743625524000
951741520374823500674093568
54462965936878707589734247488
952363972228594546084200960
3720516508140518792510400
952858660895701658717498880
244234277183594099725962240000
301885900966183507813490400
111629310747879762924667365782519808
194596288539114994590065732673600
302003909456055175352744928
330902685047320504687680111000000
106776387256359741660595853088
3738795510513114564109920
8601977101565826272033928525345120
59835452622741222947594880
3739951590060595244913600
7012836892790815377213235880160
8986680818450672409234122688
280127231449038999690796822294080
59975775338302718770888320
3749941530020229233497920
3750886735209009005822688
960893640830039840203238400
3255960945264083731076439908603796000
3755340749456856239486400
59165879668858535267844547403040
60137842333502989636727040
24660735953361676751836820448
4872438525399699519077361408
2351623549405490831991592800
304854761121953755866753600
3767043762223086097058880
60310275746561358127061760
37714677585111251850398832000
4560758841862686756254853955950111633408
3775157142362012343021120
2670215742934937364965749874208
60421759272142971053796480
7874240907596271442306091786880
3777271831617218613689760
127949297169392968045391937577569600
3778896761340089898669600
4059202467011932002304124503770215808
2323201887554417275231424567808
306156049214410754444767968
735368149395545668931903637600
2363489777215323807633242400
78428030022295352260438883328
968664984124704456912368640
744734810145416809344527878839739008
24836132622379230189477760320
397406862487557323595580111488
2366555466942939260968744800
60598734198074115521063040
736775208799330317335092630368
394324324393326184960486590664128
3791177297425489015245600
60681340620441656211938688
60751967126418369355602048
869555867907897805123110620513088
3799391196566559236142240
3799421985299290869473760
17020225968534917710834940640000
3802224543375064011979488
4928797658690398856755548288
60860364385321543228209408
2377904038809010750248302400
60909683790096080745902208
308360477456493762930630048
3992949698388050879250865225728
4519480208719992381380535755328
2383394849046262766839924800
308900309845120085748644640
3814438348334968410170400
610816602497268474164321856000
3819968880987341488058688
61160689440874527466548480
56001728594976009242270774208
430729495649889016902877900139040
3831017005413701583008928
310343328267096017848500000
3202128998535482530480146080592000
310841369103876189869505600
3841499203729424236531008
311398712094995596049378400
61535668612958287474455168
38473559340773634670172025600
3847742890880241354926400
61595347306131814960219008
3849794715711568813753248
61599576192527716532389248
15790366229644338344679413760
3857854503447638333642400
56486744346327344197319860128
3858664292495515836381888
5002521231743631679881657600
3859972682559542530259040
800626873939667898959647671552000
195499669960361694732728500800
3864835330413504069583008
9152754823162749880513403182392825960000
323322752677047001932158833728
3872200374583334835333600
25419556650122744498879862240
323766313655178262110412262688
196403320867078958414743886400
314337702711385692698556960
196471833097328553982233103200
3881233764957980533749408
62108375273579857333190400
621509503913215388686873881600
62158701641926932131303808
3885177141804139256462400
314718791553093115062066240
3885834663304844444139168
22405668768344214984045779947968
3889468190727021165375840
1779342090838815535246248822528
681232717788862311108122209149600
997328226959976146218790400
913294733619926448656250000000
62389441665485922566661888
117913517689825505654858451848133600
3899944476035704972795968
62399237207793186714000000
3900384063394251227997600
3902645385410213315385120
12144238207894087680625313673600
13608285725508532041483954080621280
316136329477435687487772960
5061293276674028891217840000
3906039211912416886140000
1000158301317844629858670080
4577458941520729937569527550048800
1082540904130847741242909862341440
3910536294772863954482880
3912109617234728560603680
761034154768470581603445540000
4103777479234043309205495152640
9398298069522859706054979168
41365539472986315527141209514400
1003575246699710289225919488
317604611696936702888973600
3921055097221092544865760
3921338831290857807549888
3923451557849460828961440
1004675119223442465467217408
318064496997401256403173600
2456390210159303606662874400
3633959692309332019057397133600
765285421814351142090621913440
62962021288245569241150720
26622720427887529905026753120448
5906018746903888332176723868000
17626041809806050483704012484480
62992372338212742408896640
3937220908549882705118688
63002491792914713333825280
63020456827700306598338688
3939371684545372620648480
39395441010530286780800304000
1602230815104649950999546900000000
3947159793764442325573440
5116816041332976992886537600
3948490624154063575341600
7301217897952679984910750029599292160
5119766747760603683070488448
1011800674690024999028003328
25940047238480251856077148448
63284301048568737600489600
25955058665487692633251500000
3957593640823286532509280
1313060699308746164005971302400
200579124948028362457321514400
152214310284117052189547242368
9517937050016403236231841600
2479560963668202697936332000
63483554188077469270677888
3968684359884795947187168
3971198098546711334570400
3971452720929274533883680
321916324057363716541293600
3975655758272396317260000
21114330099211679169951055945728
3982253601764812980386880
322837327874030156779550400
3986529045988793117162208
3986560965224834574822720
5170248452680562437430444928
1953349745329284679177387289827597025280
2120938063177288116632207496768
5173726044412430977016160000
2495600905787591832824817600
268144063978304036688680053010973600
3995953535952909980352288
63936407708919820868796288
180900785228346569234454630127488
5187211369744252383307618560
202648486812790535082906228000
209229777014943999835836281397600
4008855342118167683354688
1026296713199427758802193920
2506103580108423702209025600
421264365609988710497776884480
325115565491567319976755360
417758809361410196711499010073280
325568840662123367049000000
4020406925709428938477248
4021370683242107258965728
9655432230511589661436385088
325748374884299370180415680
36829966344858865574416666932000
2515735002779823761431387200
12532923842109963615584059196160
2517749059616177918097520800
4032240995740931375209920
958343351804329806904196718621590400
4038715734474381386957280
4038747966585333863748768
4040714490208851165297600
4042778500010712023160768
4043843063986899472004160
64734145054806691125943680
788201488084067222955254367840
205240856832287871203125404000
5256207084792701791244937600
1853599482076908276876376598400
26624796365670431092525085760
4058510236902199989958368
16644324141665324314704354369600
16628619228856394155747430400
1039354454137303488401057280
1587018217791660083690325780000
4064498375588568205737408
5268223009040646035362606848
2544597270544339466491627200
1351103607195890085499088590848
4072568545108918037822400
329890312539999039283535808
2546016256576382488493632800
19878611139699824303861650893600
1141120240645346299538307597888
4078344943727410357166880
1141538214247032790226528545440
9794946413567938233114735168
9441358256117658509471318840640
4081722760848738460609440
156845945908112502578926784640
794157574969106837059962676320
26793306685773634804135652160
392364947259848861399145668738400
103533166344116866375407199119674400
4086403201781880033640608
5296038251037311195903358720
4087964242886201706153888
9820625347619359177721116608
331342953825197302285838400
4091738605330789609125600
65499721405073798310969600
4093789569448616999064480
268624499965440024300327326995200
268646134891227987743595110400
4099784101442385962326560
2567674322198345446404732000
65748056481141642949011840
26974139315909070569906714400
271669351487987262601561265226525600
5333623556879371893269977728
7715320098434224167738873224640
2573801203149549542604708000
65917494731358450177465600
6183068425499055335891435882400
26433305390756872052659896006150720
9535498985834079753189555701568
334151197245618019709521248
209008348940928856914039247200
4130937286391657475333600
4131756908671930511889600
1057833642708627056271866880
4133822897763911139274080
4135003810767162872461728
2584857212431370942527864800
335274691149571664787861600
970229892824880958459408391040
4143375856202493476906208
237381472353878624448574095246048
4145643416966854882191840
4146037870349098253642400
4149161619894838227410400
336121167258862196329280448
16998527960636647886049404928
336249076328639695067071680
