24627194192534544830899680
1995981560729391261334220640
360798536676032306596588958400
1996711414192037475897497568
394560178731498451348037760
24669746813273091127593120
162032016789263816219487240000
24710348247518108904835680
2002682765792496373522499808
24730918684279359420676128
2375672251615414009033344697136448
2004207347000295616995811008
24748488972296988589493088
15467931143557521218499336000
15472246903567049725368890400
396181239556913933194197888
24771344341248201580678080
2069750895675354846123799898400
390671305537285458426759439827168
8231735859597429429349321574400
2011534058959623177155542080
244650566455550542923488873076621600
397670251969357182969600768
15534320872219407000001646400
8247771378952728188111357626368
24862672216327586109483168
398291238506482607617718400
32262924829943593581912563328
24896953665845693912853408
398413303413865417424794368
4843369618199728484344826343840
163465139483442215090043210720
46742372253023072971617612888288
365334025536375306243998539968
24960821548759610175675840
2022996856414666906008357408
113900992341735997936178886820033847520
25012282646033449257205728
250168319870846397839364537600
2026903841065474050886446240
25024685647615243380173760
400514986212091885506374400
400815903983916171665066880
25069019740410703551368160
25072569010808208138717600
2031025269650757003203231520
343052216935398592517492153225555328
4877975837599134612037237029600
164645428943709095089186795968
2634387156331590908162337591168
164870254556026857482091321888
25132964289802159524617568
402333200554712264204040960
12024651567245394266081346659429165008874400
2037413035126947817303604640
25165999347735115959189408
2043441027575980339804342560
165538684975317523358967275328
25244906672954591053320288
2046998818826356390715700288
15797315789357022109062619200
7078138025340243719969597085600
25294764513240974608889760
25303953542128151768156448
2050940509754405523865617600
25331535651014112732458400
253321680051958689452890540800
405341873863308563691251328
2052271769414029131802807008
25341373611840119955733920
32877363725368021410294153600
3084574413885486484080405403116000
2055754729626261278013540000
20562381719367584768811674121600
104134521904367304259814033556000
4063556212232482303675027468800
25412624484908338500186048
25413776987788554728637120
2058616207298929813553823840
25417106660756728271503008
25437347863280169768121920
15901978901018655598741476000
726693759866275344885085212960
19324959206258197568154471001626240
407456526465727592923824768
407636113823568177194621568
6522584278366560897816000000
25479406171466511537873600
25485180432062741920202400
25488260438985063017510688
407858884585968771104978688
308902566510024959924090177156640
15960151179690290018039832000
25541948680037595313010880
25559306289791424585546720
374491700648608943090887442400
65486325488530853722882358323200
15991501140288719500717063200
2073375123859509429148862400
201990502890787495726550315850720
25602417091730879652051360
6558121902023908520573549568
375217393486612416721094127168
25629211823906960357642400
1297517123804096475635767120800
20761312662084553504749598953600
25653319267686178341599040
410551644324676081438162560
2078444689738190847639270720
256785471372609470890738540800
410996566980761511459016320
25688673185235774736429728
140786098994629803861336429526593398400
2386679051733121660028489010008637549600
