13737514678809401866215717888
4348889707723722546201131328
860187954856238889822584448
33608722900660522356628792800
400554325377587214291912435410929640448
13775684154202836898684101120
53868017801589464477990208
53872067176412956384207008
33687424406262174110686437600
1117708066042830550157921326080
862980304003030686060862848
458733679374877014215655003657600
539696698595568070417676524800
54004697727687696660960960
7210837749744781210708748762672476990368
864380828797793070164432640
10508610098660926427269947625248
7042425836661985812307501046208
54068284885937522098485600
6328441655036262633208162566174720
4382851515751275139293098400
2739862723844197686475614852000
701640236740217850298188616780800
54156317080824764803857600
4394875696447984664842680768
54271824476224191428489568
222309844602711040369874810880
12714349643835307263563456768640
54299428885076316603675840
222547276919346367289469880320
3565548570301526643821449142486400
54394994203663854034140000
4406814453467982541411149408
34021323248351897794252276800
4409293274486976880184846688
54435795016365080084925600
28941647878143639260824307485248
54473442773110293357044928
54508386463522522917540000
54522913460723906004681888
70677412397374527991886901120
54535172873026370346540480
340890227592300678559865637600000
34108556220129788017881876000
131040686453252333340707419680
54634914091915377182988480
54645373249106820023070240
13992395634856812247185492480
15297646796701270443173418287328
54680172119668643615436768
4431809525764792918282538400
54726141180238587771961920
54766672588145435562691488
54782390254907848404801600
54834122974724974059624480
18219466752138212206642891025896800
54861485467457928644230560
432884391501936305348748718339680
54871749041898367075323840
21437887520552223535064884920000
14050226307979785578651942400
54913730640801753664738368
54918751791644595576049440
54924458062840501535919840
54937470023899958512766400
14074551903694814824818240000
1570839891123748988955894203808
880581337989007964730591360
12895147492414694113328877555840
55056511085425113264178368
55071376219266836613272928
246782994011632917653102197319808
55126288944914104088136288
1143148366055110755174308697600
132393630764127780922905035040
882807347158513405567145088
883186701235498833168524928
21565149502987083693402770760000
73810186080966066680030152159488
4474110487398225110025922368
883890754289981083628457600
115196584273429857879291361191168
21959312504087049725803307503003924608
884009971581212883911433600
884420905101023830811626368
58039317014325692648883186597350400
