39855839074566816080340000
149415288287034704040292678660608
6378728349321430589649635712000
76087740487138066815480681721474368
39899825604042338401053600
483516520938696348451053394194528
3233583533364273436785530400
39930907404254105822278080
3234888760384936919207024928
95913196064212469064387266400
39968121625830294557340000
1535891876075131154775032423040
6397130507841257833080911692800
40001582673393377087133888
40017061011358652197062240
3242188807642201894595722080
2027113677416934849640384000800
10251633184273083664136506368
3244469260365479541460887648
45914424763804363117427424896747520
60119265917453630165503538913600
40065324643181368722842400
60138192952533821873927130352800
10260119366682460498906053120
40081181919875214524833440
641338560712012200725017728
3247266765897150807765116448
10269718785448589926819573248
25073229095390810648783383200
5874829902889886062775266996934400
459394070450508492477884983671641568
52075217484951114030339121920
11131296689686465029493404599192640
21368628943241323123224676754208
28442908888804076319384678872640
424524691101455677663203991798080
40223928614117573706089568
10297817249554646741868922368
3263767364939238559543946400
264365420368294518960359227680
644862474023830866162374400
67780846485573758613388534809600
3269051617764426925997805408
3269227706912172132703251360
16373070159189321945823102396186456320
10340432644813347468053222400
647137057628406395089398528
647183510637947050061868288
3277021876233978557506913568
815380104566881262345360734065888
40523283864328368295434528
93761183340332576259281012564928
52543241356632027139167730560
2053437868340170464956605588800
40566912332583606235833888
40660104132570315933910560
6528803395867663785965041164374117088
40668302487168991204373280
297363679806546284127816752570880
596058541601788909134308820288
40713142075037905502119488
206944818492120898604462248019525280
10427215805816715734695902720
7924878983584089026341683655968
40759296252374169153522720
137532917134192879680069568190639328
3304855065505430687091288768
40812796558998856359242400
2066509770862592924588204971200
40824306914207610771924960
653803808999886220339369728
40962987542948010277666368
98368596560535588768933344928
40972880629105987009562400
40023942664509712061738884712822774400
33209308009791284525089465622400
655994934447871533955440000
41002203997994370355725600
600475544664788638559593994400
53202537428660137131339398400
32884785887530464761419373930321070720
657086686834498053750835968
657309900557118586685728128
3329110000499445239523941088
657638950746797584355145600
3330181167635747101309803360
2695430622375636098920916462823911040
3330895422652660725399916128
41136375413665714506886848
168509225199356291467280590848
41155490818751510177121600
10539729950397647834533636608
10548782966177370007979558400
659309607670901465023344768
6597792428482981020547839552000
3341578289332761075757400640
168979445396272671501573550080
41278060911971868027978528
