3746654362872428992910640000
2891261014093392058910400
234193496754568406542280640
2891687488921319697161280
234236170064591678969294400
740500827542071276075845120
45573389301400582928303326361760
2894297538681427913181888
1465468988918122056814448893200000
234534368498319459971640000
46332564863438494855568640
2896356707979352873627680
2900050895801705850842400
2901333378115221227500608
743123711991316575367615488
1814616396571141518613120800
147215326999429091674275444000
2908760006333688493562688
317969093939910653798684522908380000
235665356387069164899182400
87265315308274952337432539603328
2910599980631060028134208
884017803533504955483494129177088
138250071638221859559837544453440
147474923568297712450680304800
46662950868403681879562880
2916832121325260846376768
746789023280006139414578688
2917842315704583441601728
2918701187217410661861600
2919939306151222886509728
3787782548716413892392134400
46785883256552492514104448
11991276710200877418996748567200
236917919848038035900182560
19211740092692185087075118400
237194056792952835241913568
237224829555007600996388448
11999201979971405577197414400
7036380493571816446911579840
3798412874679139590992646528
2931252178567718269345248
148484307647287037777716044000
2935867718787487164870720
2176277075597281164677318598609600
83864029420402376302267262880
6128060978812355362053334569600
43035872355732713056632373440
47031054245658504170822400
148820403155535874759902343200
4414000123829845819009285761600
47065198765093998471776640
245737874106131159833364383968
2942648729435007646500000
1839752875626858379257048000
2943741899548068846907680
235870078584662028224333158565729280
753849371035145682841471488
76148769024069616643727936114503520
2948219445150589409767968
238848389749400302100623968
250529611495518292571350380085248
238952888609241946693660128
2950383724351816230656928
1844285924017196042844520800
8557968448121767464698875067074560
149574143319291704543671447200
149632235060357850295037508000
47293100220048212468365440
2955990921506888266436448
2956832689907614641190080
239703260374744871426301888
149815140806212249312533708000
19424991053045955814817510880
2965822743547665567715008
3517489684399393320459976981440
240466451737752118362949920
2100284191256893631886033517248
760222301527790400230392320
6192704546003116851561379482240
29701961818046617829247187200
2971554350388825388413120
2973372797735838956687328
7142179161427723995712764480
2975038305144707627208768
1144747682024833701767156770675200
47699205599013601636695168
5000608358254891358721907967444640000
2981784348338539861584480
6220639010642636385088131969408
241650016429396209111322560
3868655751423139580622639360
3872253256746922581259955328
389585308113665318493049598400
19617198206593965200215005600
3875053050611261120403360000
2990856949071856207358400
112128520853273850471976638520012800
1683564317855060250494551654931328
7187942835113884080079892448
3880701694499638363808001408
85592092245857248367129587488
2997810293798355967245600
2999511842753405834382528
12307140434066845993271754746400
3003717256538814572680608
3004543378252927089659808
25548127878705886695478918913280
3005343846155516290671840
3005782880324677840598688
243591166194104937769606080
243610001708821022838765600
3009813910814012286549600
30102030162299318916669561600
243898251489706021149741120
44092636522603750219299409248
48198917975735335698489600
3013331449417561230214368
3013771358429116495479360
772774185733060242556331520
3018976287839285198787648
3019442729601350584329120
773039536493521140599086080
1888697358359332307607708000
3920460147710124053975388288
588464092618047426911501494368
3025978591210279757398368
245226935694222118883832480
5674991519926354383153056125920
48457721485082762608055040
7274879022619751517198840000
245499076391998692471717600
245624702161253200186455648
3033929252747900865960000
30341230179355852244536540800
245909819749294863104529600
3036687053729489988487968
12438423413034883715503779840
153800103678946216747824175200
3038040624406218674164320
30382866584308345954616515200
3939058275885218792380440960
112518942261942511088969760224640
591485436122865078495531837888
246352734925666535197418400
3041999810235414054866400
199451832817958890012286115840
3043537641543514637523168
5992214010345908632081243058098936616769600
30455207401104637745300179200
2154342117828595999222215868320
19985836476565493499333060000
12498666045219165762743009450400
3048232933377509578335648
3951318940489829324716560000
247030918337719227759802560
247068988727776981243198560
3050425927752060252301920
3052097574664212774803040
463380782063844692705977713367008
781836187799918297415003648
3958224953844753586430408448
255292960580103137781311931360
30580597091322074952961056000
3058529364094792036658880
247742291465909802483576768
48946832435361438404338560
3629889703014468145968941599968
3063765948643076565142080
3065049936732625427901120
64597552288561102619668840633350720
490677568049702019047875968000
1916727685326300022588370400
12580737725553160935008536149600
49100895219636779659720320
785856945507904761393576960
6402693040514105935106841471360
3070767266056445583434400
4440946398290341146559665596556000
49144769883583080724168320
12608157432526269772386969600
20029732591895087726962706398141440
3651683760517768327302637373280
146269141026766620079696058994240
118586315101177341108162907008
88165733002127096782977751968
250083366931860646723751520
258052182974307432632251730400
3089707035992527612701600
250295458267679231684991168
12658200862756021518842695680
156506579970943385174514314400
30917522207101755747918211200
2129581110934641755884554989228160
1413627842514173445423663834240
97891714250028223914243937320000
685969958184791422499711807776128
940170379813984956636046679385600
3098258455835257637596128
1936883846907676122818577600
3099923291077582092469920
3099949722442080154714080
3100636997248586499931968
3100795615354659311340000
1938783875830631355861736800
3104180918283748767068640
157177468190391803897834815200
251527249150000463996953920
3105345256112686442900640
3110641829479352551537440
3112020047675524835492448
49799849631810948124057728
3114220844791104662573280
3114406507545635051825088
15202680853515060522994937653920
49855865754323093001350400
1948052858501537674740218400
3119236653702978572351328
4042579457834081904828493440
253003928977248570385149600
253235829740666568328774080
3127929106258655747148960
3128860566232414434179520
4057421322731853096003725568
253605189325342963919323680
253733913247844807523533088
27466311704486098597278990677100288
7208916733607008598314261472063808
3136479722457169992281568
1040940672056451175415572666368
329406197930310626091091179648
3138453376476260494217280
3138613443290804439668448
71181128871573429692610524364480
1962694079988999266882652000
1963608342383527389939393600
100617052677646498973043865905218400
3142884150765713762781408
20628095559429480567089369760
262611780985727300396855428128
50346741925811954307218688
52803033236014907822299339161600
503822376105838533662394739200
4083989925546329907155781888
7296396305581527204323300083488
255525290558079807200709600
166283938183954237610488061346375385817088
255603391078928761371428640
1972889110095018584428900800
101077720443524627200381655808557280
3157865956783485611878368
3158589644726035318933728
255929726569738336006148928
11021407876482224405720277145199040
1975817878627653610099735200
3161968499915257941416640
50602120352455790587267968
50639909385155424824407680
4229773387660304356929417828480
3167498498125754714756640
256568103629813298853202400
256758180333993822165675840
43897051994911384888055527174560
1984465645587262685567244000
257299969600251477661114080
813734643482825839711749120
618541198593825331004067201888
3182352507621499458525600
3184941136934059377798048
3186748719959570342566080
3186775704636873469961568
194233274505651455042892351148987440768
20916659461876446996915789888
3190906379664003125089440
122604207634739713065941197440
51069089572993986940309248
3192851615612177509563168
386912608819340428500759675569577600
258913686723657796631747520
335982090393060981097915526400
100792733660590524414784430663898758246400
32023487344441228421449123200
123044231148236043307028640000
3205354717834534403218368
3205381820589263170358880
3205842593717023670108448
3206601622453060604456160
3208554029535263367006048
624505067941351339451829032640
33926370353559983939564902713120
51497512047548979398160000
162953343975163316519239394400
515040262627031018193609907200
3222109808136849405204960
825043840405191731481830400
4177632421672282932902288640
2014743890472326535553300800
3224014850092013219638080
51591315404222838021168768
92124214646493346004681853600
3828276389765043252438156409248
51650579728468365460295040
3229108176324707723709600
339074631686267739461682489600
2022836463072913399505512800
829065692123164513040870400
10217579298088293869880684360506688
3239777357422155299365728
3240788340527531408365920
3240870322499435819160288
3241662895087409997890400
8302288250435380114569201100800
3243713325916942912034400
51938911472059771233212160
3248556199220688762911520
831976475854235725332311040
51210586823277160197871268123808
3254254187717802466260000
164798618461333227972066024000
3259602856473007125549600
178312703572790674632801933937920
3868121566344021233465155706208
3263117360076708087228960
4229086129584833268468662400
3264463507919897942886240
2040983566445018455488228000
17336544410219428178274505605120
67754348893689403220313873408
264725841936295228300969248
347881334864147121804892165699717352448
23898554087173366489255001875968
3268669466610689609160000
3269302086137753529982560
264952380111488258672796768
3271365613851577300433760
52351647705359622371706240
572354018676988852748587111284000
274313534471706999862739343804721920
2047174419964096946527399200
3276211861333190603031648
526013830449383851718996272381634400
6832640703885701142625314441600
4247919850277157334680014208
3278581871446568076062400
369036768206170710874531322419008
3278967808712207813449248
21522433369307803282072209600
3281284147885355702519520
918959924708671357496968370400
3283877696568228881760960
