7817921985282409704243829248
488997371139123330518431488
39641038364142857256522238080
5951378042815669864951111606080
30602539689223588576230048
30625068298127296492318560
306258710171615383454190124800
200994322570561528773323071680
30642893847641371165335360
7846254863338953726720007680
449012808993946962608475746400
374224021762623151750181512055832120768
2484494195536801364944088160
2484776885476424493867564960
30692433701392313743430208
449963192909932708897012465728
5979216120422150289671965897920
711346673697615733284678794792083200
7871950713989440575828003840
7875875319734464424845908480
30774394447739999903433888
7882839193254878267631971328
30807224665468930364033088
74013827000760061930626471360
7893748439060394234050208768
451463416275149760532141143360
493520071637713825764105600
115154590460610439248199361475804201600
2499430048733048107789677600
2500838105342384911245956640
30876223979132594492691360
494052186590163329519511168
304059737851658936261716106599567200
700332586532268193998412572265920
30904538276060544542035680
2503319651733812968151802720
30922930754951300870956320
495722425309820024555710848
31031226792872751549973728
284049991110474931309746662584800
4052547513354634574750446500000
888321579420601280526161230368
497866553924494244720904960
125595912549475654750493028033753600
31153082546029176200714688
2523415798455339177585901728
31158006006223893306515040
2524725174672838090291818528
40403711027967869967942826368
6063514234669231953662229818400
498945403105927286162179968
7984182339408333472533926400
499165206457602958007750400
31226846291466286851268320
31228340836044737544540480
31230732218956616336198208
31240299124073282809949760
647925307418604422342880023040
25322349012995108002007188483200
500311987848497609430766848
31282180179767218693218240
81527381846789494269208831217213493573288145641185657280
19567211659105231139709295200
6089024575258331501692123113888
2536273713335269755047503680
31341034245714893035842528
2538858465095910675879522528
3528009308444860129969386065419488
31355273510390574703353408
501759336630536057880554880
2541740827992888071965741920
8033845816788875673482457600
331384985019328743752044040608608
1206042441514904151708537912960
28995832632028857826129721541600
459697418248300537754218152768
206007772512642071079721612320
31409426970983768315384160
502585056730994585574441600
897318153833413080701514748608
19656760504385033604806431200
314534238122917177706775484800
2548162078863387759120474720
31460644635400289600285280
31461696680078207731140000
31462147564445783054197440
503894129550986103832603008
2631524555379369019312011434400
31515385955015950568174880
2632592858524202737953201165600
40851270577598064631459977600
31537061570138561732655648
504933345633771375940544640
40905100239069525025947206400
2164517073432722794760442579340320
22327245096471093576748005583968
31574116609444429667000640
1541001693540832297177672614578207417568
31583762295266006378349888
75846573442181934269968403040
316099901345210670996224918400
75897259888260684755978883360
31632174782983482219552480
31638815097274442642146848
904194391645287031153882631328
31664178641560231458046368
31666141932240943005758880
18278631958999789603483448765061600
31688348572805861946138528
9763009606457924782172566654562469600
31694695471949735004980928
31695904513209316802891328
12383191707893186283679991820000
66161051115619537516324054374528
47616323957860773889082405359200
42416289230501224393307132627328
59510796864873993564891537950400
2573854350662905876540260000
41186984660320644656316000000
