16505560785613321855742400
264096013752922787720021760
264125662383809700046581120
16517608090096799955141600
295316708200438786334957299888800
3876008190802790093387870265600
264998448270623373605671680
16564748498023349484702240
9904970719962771907033626866608589119200
10357590124845593548878117600
16579709701788116520725088
265277214397468602550327680
1343433424883906056153920480
16610500283943309638901600
16610593371778838344112928
265784015978974658042811648
2658313470339588090062308416000
265861476859177004733882240
16636393770730929161050560
1347731595026428022892861120
345228472194194690358042659328
68233017405700353117214937088
16660917982873684696651488
10418112824898879797558299200
109370175412037778110137140000
844174935899400424874616468000
3909600786428512191538661040000
40078730043555979808470165728
845349243922224076419452577600
16700512195048521605570400
267360389799748400553285888
16719587365573003503149088
16724545842697689567856320
16726230104658757597202400
16731377248858846144958400
167358187849928769215965584000
16770253100281847357505600
16776160653041469614016480
22422787971021612533343896777088
1359504692204767023222885600
16789857171706971625361088
16790420221687703826549600
16805721831714781818359520
16808069629141758919429920
268943765389087269026684160
68864872950830466823035402240
141767242666684019850619766284833600
16823477280714896338393440
16826390892644036578187040
269527298999766142679691648
16845667853737028335756320
246917769026922738607356471648
16866750392085375708994080
2055483622994551857708938060124436041600
854461594979627942013873012000
479377929759167946054460294212768
21880173746959087696632201600
10554106835232947004439713600
1773229591892656446757043109120
2706134528903630173984160486400
247646430649023843013154099808
16918316360599880510557728
10401179272697763347866054371840
16926812020452123191957568
626548619808029705571147903246720
4333955784400797029841738240
270902642751119685119525760
16935310879522395519607008
51415452307916917439131093162630809600
2709929700019186242623768716800
271132377433649138503071360
111194739940481891691356814048
1373599754886469444224464160
16965460391043769627640640
16988264602419188551999968
1376404767285706727519243328
39333732860160899786262481685568
1377350957082720922823315808
17005501270188836529603648
17008059475085369986407840
272149039936455954807561600
10631482239125617778594008800
17016399331509442200146208
111647360072953723806681693408
9045251684187575297884019640000
4765666667880935525284390533600
17030811761693688194539680
272866124827412199074006400
22103776316126381580596850048
17056625273910964340522400
4366535572171883398069283328
272914740487906203405011328
17059948995159854138340000
273011231424744876191127168
17068782957522349787506080
10494188335339891825521976677888
4370809452964738291749972480
22137759605323785568670265600
41029289725237650782208930240
865211341824976613067828273600
17090835323437320163860000
273717837174859848055958400
17112147531951028953404448
252861863012200200580196416406400
17114717759627970543001248
17129954680571931705801888
17136242873476535213866560
658324340223237016584306377088
17152256994742248049521600
22247012690815193705855755008
4394802415097818565049043968
107316370938793193625617424240000
1390888527590194804146096288
129517023892375451887412436493505319952608
17199411167671603787520288
17206578693887883163351488
275445600222292931550344448
275488439803778266924137600
17225416066285730123385888
357225488204490689342276551680
10774353485282038493201083200
275830570625599127454322560
17245609285602949359762240
17254802596014746098217280
276088718793851630941769088
39931600010573632257470234108448
17263233025671486911448768
252869621855805090644634654528
1399561499687099652039090240
1400796767275337732009276448
1401843629124456266969583840
276935672267033406599844480
2723631275169359389804277468160000
17311575923576117587406400
117124633723383751747112150126400
277033227426661463245065600
876564463842709812078387710400
277040141762263854173353728
10823180047204221803896101600
248360833787346751380888606332940832977072000
41617352588574056758229652768
17342034039770828845232160
17351265872400101537571360
16077821218848739620843423662369971008
17363869423247835909054528
496299160356069929530912500000
17378213104509851933319840
278067202573580084303100288
10307395279479603732501992623580160
10878521996343335865302772000
22566427891157315583853994880
174179259106559807538498614400
17421490422661486138068960
713922198831421423684486044672000
