326009569198289024716773120
20377469798925338291018400
5216816303038131639393358848
717535311375289223754170030397600
20431343830446045812803488
11334497052172609601215167713323776895968
1656844853473609863107597280
49114269339343590387129838560
327344887958586603321063168
2899595000533961875537986918462416880000
12795880741512286296003364800
38378401678126639156867573140000
20484779921445813443991360
20495239949237134923812160
204976321535808423078589084800
1660576448123235172131054048
26610579625121513490510201600
5257604040416036546836185600
216836536521320773294867059114720
1664181685268481028860540000
328823189507825329237049088
6818775814471986417213533399040
12452355853364267131804917061937811840
686487634877123305169235456611328
5270574076241138582997158400
651612499777784407517013403800000
20594481997452461587637280
20600279485344259577450400
523731002712193510154317056759840
329781732441598937760374400
1670374901066791057315940160
329998919448557858549656320
5281338843774107175256266240
20654375340673776410046528
135569780635098257215698359520
1674019764196872502784961600
135660527577729849886196211360
590553109667308210836099641760
12923967048421037776859764800
1675675527487848893185553088
20689254498743726163385440
12941103864663170831487115200
163428796923231234611977535301408
331662896277999596987545728
4856603275725654637018675526400
5307404772573536155151236608
12957927939185558916677445600
627262644759892502290069052095410240
26891531507106724573465585920
4040894286868062069301846763808
26973520180999996834430575488
11061088970641840064441135030688
13010565845606253230302634400
5330397370740320180063024640
48178859023232197161695204916960
208392584922133882238567913600
27009542973791507566081851648
305347565568596715628535969568
27035701134611147788797912960
333934615051430749097021568
20874145000254648726159648
20879559393879322795260000
5348948484893050011651632640
334336922963544573265721088
334359038323975830100610688
1693692298404073009464897600
1693883472579318551611526208
20912621071734318770142048
5354385154999021256422694400
1695278936582639813547394848
6943881654300616000095546961920
13083088710857854595583549600
27167782572599230129206240000
598301370172792039249238886415274400
1698431610948999315791889600
50364238165927729352656501728
335677321864175265719192448
27200764587936685616002978560
20988401445851862020533920
664160465713721906067105408120000
20993172287242245328400448
20994170938363393989506400
137830544520063628599150660000
137876438039977608172089210720
5826185210009690162435725587955008
308292074777287577087274551520
14904698435096400010110821641248
21079965706166931713006880
1577305982898835107807354842930400
437313939709675150924616102400
21096443398511036141445600
337555122322493956191113088
21101344034255158000681248
9644564993651114937891997396608
142829066580445400483283827826240
21115159510456016220152160
27382160926178049590370858240
5409436790544350384565355008
112285282508449104331423222161408
338482686328445431707013248
21156088617220287233342400
13226224763911186194593714400
2222750491070471951967458432640
21180763986224657200214688
21241595315388869232957600
379280655755977281329412410767200
21249768303103283884345440
340149948429086005338374400
1722014406535097172707808480
21267801996259007176548288
72743135738234086098701254143840
1724519937258397290727175328
340751632052076074833605888
1725340577719181487173917920
5453415252431468218549731840
181139233659590547693892726512768
5453637826595992771948919808
21308279513887630823160000
21313778142349103305815648
21327360946759617793245600
1729047702456036770174654400
21349826095435476111597600
341692966909292746823284608
341902516968978107369061120
1115486424469393617135983311639200
156246596593189311515218155310080
27697771576026362429166648960
2243874987717903171362021765760
21375345537399082825796640
5475036688176285084603302400
342219273223352847423475968
