615094235470461240201227520
7972404423124742788072164455116800
615394724923780382443800960
24051652886652613590613003200
616077174644907234719647488
38508802100378521495998240
5049984622330176316791136637237875814400
616313647083835494993225600
616334639050559315293257600
38530668509060074288146240
3121329026457806661423482688
9869423315699507574076008960
14826272190393084490168219232985600
253303412365562940474539374368
9884488398843590760999851520
38616124123228020633950400
9046735275616471463895866601600
618408484545786282611040000
1097628274693082206993801799977920
50104460699812239089145603840
38695226835937524203971488
619173481019219608290681600
24198408468826621582356804000
1487496958394002952958239005440
38725602231333406471363008
254090839851629721404963055648
38732803645025033864760000
24212130469488207716475564000
620127561074605558027794048
1107023116539918095908622726208
254391611935375603186168398048
9928346699484590065986544128
620522723673488130372345600
24254408913157765080406855200
38819474925028189932178080
38849043168132562298707488
38865418564273659900023328
3151333480302477360813712320
9960805891356296177675112960
46618695024683811494298007924683648
15215093741764837819028478300000
38962721043098152751134368
7303314716474819304366052301340000
255733338394256680646919236160
38986369105647310206686400
623803794239725853762286720
3160293874258904662038989760
9994780809586285454426918400
624774529960814147056617600
24405404191916365336813754400
159945401431477946216002498560
17851635151512937395621051966720
39080007991963589957037600
39083898531751927054681920
39103709420067644906468928
3168107480719463232502202400
50694210734348184875253360000
39124589752302198761142240
39131492717307489487161888
256808573421754530946040752320
626438855118602669495286528
257090957306338212804434653728
39202876855345255442465088
3275070824565287720840000078400
39213690402823287209460000
24516602007816304924198984800
3179301741600884256532140000
628085211275052661130858880
257656423650441997775094008640
10053900698213918411222504448
580701033517871702142388545134208
4995042934118360703767818889124698208
629197375321406090245334400
675051905606365754063551329730048935914400
94471060479907103504444774688
39347182261071587658608160
134552084230265668742539149230880
39361581343621706393505120
39372072051671730938605920
39378829889045951813073600
39386300089798955041388640
576739581165593915922678540000
630427727620683603803625600
39405691997745034333894368
630940313148727604283206400
176623368345655404139015962057600
11064198863117207633178990956640
24717826646940164540967729600
51255189798074916029251031808
632855300524898577890238720
51279512678158154133611514240
447954441748590751333680992711040
3208024787657583711233022048
39611079392299044448247520
18498643461693692498297986797948768
21056693989773651230114950016448
51363495000627373320572331648
396449505854429152422554745600
9703060372830036811902202124828353048320
7721189792464019703234353042400
581711795272753020967273992480
220704269961173915846869488690942528
24841840774917380800248818400
51546513665156761018798823808
24861972660203751909929167200
2607648827282561096628034560000
24882139193271485005961152800
5188453088887399550306608474848
825621908145224846044894668288
2178665025357492717252679637631360
4311324259023984454962823956036480
39830720249530519186418400
163340033755900575675356520688800
39834846098344178159267520
