31919450142699216016633992564000000
1494230793472430949154357169082118080
9312932886817696463342400
9328382934047497476356928
149262581621822362971277440
756008358854645283946862688
756023039515460805944038560
1815421139609838555905223156288
12100590721078583534144167680
5836711226342758413679605600
9339620410647090120038880
9339680854613842125225120
166734777801179439897245582241600
4971734475276165931710321498720
5847870312522914689494468000
9358916921887883536438848
1219699122042561757287080865600
9369030773380168961474880
9371999865475294703248320
61511783127207870703073567040
9375757687176995121973728
2196576333026020847166388303488
759727750158867130874618400
12165555291650746824828382848
12168386328904433424563846400
5868514315594665860394561600
9393167490113312884802208
150428888740465294550992128
12187272539800054710031737600
315557809496890892645960167474552320
5877432702884555756315330400
150502768756015925483011968
5880463470186360747022663200
762311245973075534155605408
2411345929775314356971266560
9441946435636979012374080
9453225350439304427999040
9453347339837917280349600
2421081797627965625332185600
9457922794640139898797600
9460363716218263318749600
151563894481214493825544320
9480397099051763767952160
151739417778878377284721920
9484004038453501728050880
709499354781215901208920822613440
7685412422804511877957584096000
95031594358748694059368771200
9504871094443878745558560
9508423753375466719291968
770319619828821582502945248
804147076793688965542857578998239168
5961225971571535474435956000
626016915573219900824186390659200
772926754071921975981000000
197878005931933411768398873600
9544619490189859397428128
9544803799956347570298048
1449343117540245579063137178118560
12373536299245783750720270080
181186297884466735854474728881920
1244468740668489386530422354720
9551993963157350943448608
774704511306378777633128928
9566263393890832797574560
9566755728203152736340768
9568786808119769282779488
22986693673567713083520751680
1077581731137068515767220709757600
9576729587424147033689280
9577345513197389494201440
8058628520403426734821623789690085115287500000
485137350977238154315380506400
9587266008455350391904288
153401927269452853302917760
12433000877770384018973174400
1250261566574692908796386934848
287849906597181670389830093353728
9600896130624469862030400
369171961826431274915503384320
63090954901085494856618340000
9620163391572732982837440
6015909127076804575042869600
2694044600751301007772567297600
780026128192183104633770208
6019186572727821895775973600
780448695190940382476028768
9637479200475660303408960
96388995141453346110486576000
6024414703509080362571287200
23155851093481061739085965600
553054217213356965532418548641120
22655190693642968769772942864727475609600
489038331286704597995701792800
9661264594407508973537088
40922393826230263043449478270532000
154898158210744130133840000
12547300728638652195495691008
9684783426616766793866400
9690685372853491307666400
785150224192949096562881760
39740553453142415734688102400
9702870543256626468209568
9703554745244420226841920
12582210232809066730492257408
786659929423099017263300448
277389292302650780417810687328
6071738013489171419297515200
636827546256420761036913008640
9718554071829700892413920
6076416330766859918302994400
63809024765341627795912983648
47468886332691131482804036080960
787961463353486125299000000
6082063488688512463654956000
9733009678112708020034400
1022298464066957166408965474688
97394045668524562172647132800
9743549987264391604091808
6090054116773554658795022400
9745421942415156942305088
10230501714432153756430986728524800
866185972637898952781818724880505728
2495393186835291195117350400
155997902671039416971617920
156125787046414715072796288
5187927925071085070074053155040
2499234088008805550430064128
9764718781530762512825760
4561332010334005359318104077771968
9772970821190817348981600
6109381018776476929095012000
156521927286705182796480768
792455200168303659515774400
6118572502775271201937480800
40116847782985839203186534400
9794375436557125119752640
23520141441342962170388800320
2508974054816161874912355840
156826546060024360558418688
794173435126531434794933568
6135809974003803563786316000
64414554057795362512020602400
157168266803610810320073600
9827615771605319014760160
157248132171830146418444928
6041935456047206901520340006400
9834085492156033528305600
6146594018748026706369912000
9839615550374956206146880
29501987562011078736204897562330368
822783373166026326417546294720
7984328992645223750246191900800
40430265870421617009611075172000
9861066558228608886971808
4507033760744561986214520156288
1553036038811358941796950973923328
8000015375533026662736534201600
801249813667435420463722560
74968426427786003345045018403069600
158392681280306015254174848
9907674578836542921812160
9910328430804888350378400
12845662590127018828207046400
9912856404500659474605600
802970380430812919224025280
9918925514595613241046048
1929868986888786496376364166080
12862256889647226777376953600
2541343952686233060567014400
172651773875145522229190181886606368
2546137911558865101778721280
7372834995126832336333105857064800
6852280857823977850946610709325568
805952527237820963290635360
9950770690298521062268128
9955652357058102230403168
284576108763856490934109030560
10448668620122702615682946990080
6864664631436325273410454976558208
1595152560333200772400746163200
9972403137289599460005600
383131460172330352843570885248
2553152599613108873718640128
1744733670177967710494102171181600
808188151707318405949656480
9977737361132307594896928
808388813939052319953392448
808421403639814298714011680
12937205766651322440121770240
9983836236984210934740000
159796035086171398896105600
6242972181967172277588916800
159861131308725979593490560
201439780842893834683795955535648
9996805631229171560533728
159979168902669406762617600
814471426815997190650563740560800
12961803231472335861244186368
