948811594949347556515265049600
45781310437727348984485440
187563019618141026716293509120
4807464373384870185630769847040
11837365442112419126381723123229512160
4506574890190602555493706032878066360000
45838485459384020033392608
3713363994620941874913506400
45852837417593221887171168
45902098220950440997614240
735208801310320784521235328
3723497585832237937033324608
45982955867061467041746720
735745673832410044714934400
2330073856673979378169194187200
3728450690450774513312095008
110534919931154169257655240000
311541679100688129968372057701728
460648104931942367406047827200
3731415201563060695234108320
59732140592500644067038914688
46100939592726822830516160
46105543551407132511246528
59754319434697804308436606848
3735646333007444369643568608
46135978383537531064368960
738511378498128548960177280
302855284173866593623071929920
46168231707967509445027008
739037229435667986486582528
11827052626663455879084860928
3742700800074394879590357600
739460679246384501381206400
16001502179705323268569703993093882400
676998664298695830915938194080
46248638036043876641762400
12849547220616598719891252065936680320
3461102385740100049663601456103360
9000328623659386942511066143968
46330354800416365090547520
46333770385685642806154208
111286187682141619124207602848
1781742072980640330187552700160
46392668685263183598862560
2349194309715507492396189664800
6048967415151931235957828836320
304669467089498504215252150848
46452025731830766867351840
46472965179313759783897248
1327558591502427840429183710400
252718559208686281267398751931126287008
2353541488008200606888450632800
60291601177572949088654017920
46546107385904450444685888
46549736517470598928882080
1251330640234606763991050945660928
11920946248778251013035077120
26886055758828216431117143476410400
60375877599763716895116650880
26204241452401123622392671099370368
46605611585865855930047808
29145992603265309403386112800
188069311829584962462352836976611840
305990584352873703696212493408
29153539223143145317079882400
466481971036341722787445612800
24794900026829634703384603348128
46688407064391976015654368
968375785371448678348647121920
46723577979937974836287680
24841301184751580383536963211680
46754722834377915296127840
8465978579323303404910511561018880
748537702397129583540597120
22459193831899563324383333828160000
749157998329242743850000000
46866284228650487272176960
972932451674273033859201259008
43359434387638036901534841622368
3804914709232472302376023008
229244303057084718921275581530720
687887166642940079757192259008
38073354437132053640100415555200
81410286699934838468540426888022528
752275013484002142637523328
1740763145047370732073806943761280
47033898912472787588521248
47096514237053288794358880
47097938038801692488899488
2384609778153734301146011744800
47109533054784579694712928
11876255565173235539054691948328320
47138631728394460834022688
3822258912200302602136500000
472442631143128481469703507200
47260259242527238235568288
