235558233737308669660956925769088
1360601826529192423195406400
34843460682122252974746240
45159841240615712701030026240
110265079290902496867786717600
89278159217501737807907904921600
558345419518801916235852288
119328506613851547084480811589760
2183710664306880024840000
14330733635731097240453109600
236467197541813356608588090974080
182541014718761599732978269600
21511791756958251328969367193600
35000625636721105727839488
1367839728070337758910652000
177333157588090288957998048
1364549095434698094129973971020928
8976858454684922647518105600
2191851472872743121000000
2191871853373018438362048
2192320260338560783659360
2973472132043705612766411968010122400
177793229599268843146874400
183350961020721599826570682560
35125825773264653855796480
35145418593770230823602560
562348254419940816814533120
1373954614853719002498609600
2199054624385501405448640
44341627098797633133699667420608
2201609566947320777300640
62902052281515682371770026848
1377596534662337079789736800
231430862342862649117452716928
2861030004133239581847886080
35330155959327419987443968
1357845088054733520461979959808
35347209952639893936278400
1382658638309623383173944800
2867971619631489146897442048
566542034513708133243575808
9211803629715088498776450115263360
35418115713522732496225920
32433756214304349286879514688
2217068229680502034985280
1385739591063903168970764000
35481232563993168880606848
11780091990362142488803479183360
2219330258115605774351520
2219824021530246847288608
9940869798790040652531366000000
180080334765278134449383520
2223220875704300925847968
1389724197059282164364911200
85459520767269945840743219328
14597847871813509014460415968
2225157795492095709000000
35608873728284784200840448
35623553888648620110902400
2886888921043802584352889600
5349705689290432024661080128
233925839166934275420453609600
14625860041248595073654388768
9144815699784729896567202722400
2230790280889472034939360
35752902024199976549458560
35757037707797490227208960
14667343158270387539250279360
2236205865221501694830400
128185011052799184692969087160000
1504101076096517002483933470103488
22385850106806236412817056000
2239227984889777383593568
435512231576373964559053193568
2240242944137721210573600
181460237834318674515657408
5379946132461829865486585280
1400509242097621523532405600
2240823075740873683857120
2241051015409106934060768
2241465495721286597481888
9182947570697634031105148928
2242025135338263738297408
181621946769311159023413600
1401672567053570282180587200
35889569133646805350421760
2243227678492414965078048
113645871472605775970300913600
2911066006399393045497861888
9201980991598197870848022528
35953148801268437111501568
14744426966452345647712500000
2247440389413619414649760
14756692780201470435505742400
2249684051239292078642400
2250369949528711481496480
1589450616610538187911226526573728
12509864966921497255004758420755168
2252199778417780496033568
182429305246460009297397600
274809900299782994196542480592279360
188325883981456940505383852640
9237407254110334910588110848
577680156945133102896000000
29277862588321764216827611161600
182995492701078606895220160
14825522823563207644476366528
1413244012807687603239684000
1414610975318813159526357600
579516721180202904213570048
2934627693533138777127085440
2265039845106533844750240
1415655125381106844644751200
114729905835491909363464910400
183680381694341903496390720
1417878477584488320239762400
2269115893649606786793120
4732745049543296651348233048320
2269848074019913446682560
275902711484062338176401062388800
1418793659394741504010968000
1196906915873782531878720787971924480
22731545038149303101817590400
87342413083814652211057964928
184209309446168977546530240
36459628045139646200450688
184581257777122151038766400
583374864452882397327226368
36483638888965914727985280
22822813060187178563394979200
184893062941762347543890400
2282910556544033640840000
2283646072613682626522400
892275204373394241531298860000
584923503223197316527275520
9360837744250218330951321600
2285496155357400391731360
2291874926535968601562848
1047510194283994628655896313600
2293139631637640844749088
1436662414354752770710276800
76462317596990414872816030437881280
36827464229399188417424640
36827633364830423193711360
186922573041213786794542560
2992209586471510940565360000
187025543701775845217569440
187237339212610091316951360
2312533747735037876295840
2313382519261105668744480
12280564591203593478712450498560
2316716205940784949000000
18280422713459554108685760038880
187691300681596005552062400
2319968423126621338981440
594017410171284917705448960
3355248429782240303433276418536000
1450703494857488275904138400
5575125978058117496373758400
223157854517607684668056835600928
19759756353225689611313198605440
2325609448201049382883680
188388747453341825691114528
188497503147528433820328480
3492730574783470158217759999200
5588730168328297860023115360
596285857419302861062583808
188735894442407157661010880
188803883109815801041500000
16865782844873910359377807029651302400
5600557194531832127854704480
37327928434574670590539008
188990081640324647417000160
189031605959522344283733600
37340402490253491003093888
2334656477798128695863520
2336323660110524175537600
66357505059378684919091317358400
2738585461542220991025390663866400
454858032859621642866585847968
2339254077477529178662080
34603246403523342560562172875648
599526597163548467834150400
37474396251905500896723840
189816661740839796524968128
3518509800997953907390629199200
2346409859226492333194208
118814003087461606125353224800
2347310848681289600377920
2347632693503967331028160
23482110245203479354016224000
9624030382949515375089881088
23499284064485642404579411200
602426888295481368657584640
964389866757756949050476863757969993568
1471491363179644892369964000
2357324961545383043948448
5661103785334088913085174848
111946710640050245446127138040480
297998321369494537936982335929600
1078845263503435731168225360000
3063025333556609910755666688
15509305389637971898250991840
9696663442187468962140760668000
1365036488130901326924832262779200
191567652860254431278433600
2365493085589238476465440
37868005697186399900726400
191730241051243295822422848
2367608609418681927738048
2368472496191690113439808
2369984866878969249811488
1481597146706811267344904000
1757619511255751861111265654789600
5693729299782705190015406400
2371606067656240966980288
23722883012635286777033404800
664087044966472702695493844640
1480354140375745339656195933932928
49264117498794630576789342720
1677359723989521020573736821896128
192712626033519071706972768
38081402599420260197220480
2380917012521854980976608
192960275365052511372030528
1929637605499880342384572214400
15638355807166485513999160128
2383759043347188845651040
37569214110402363405323266454880
91632837837143031379524000000
34938273513741784125452673600
610968440641489464167900160
199410406016339945789755694400
5734178061514153080789960000
2388907197255181774058208
250890844106458702288483574400
2390146603777088405903808
5740756361905761541964818080
290729255950877584550054771714400
2392409219715496108833600
2393475816475038877829568
4486800127966257549742267979040
1496379627004333466747383200
35057370222363178651534048608
5749528761445954327099229280
194186801942354009980694880
35102987568602238087036067680
2398508862812682577560000
2398683309534325799065920
2398835958221544124802400
19625159843104720080939245979301679328
2400908339458748250650400
38461602421571519181538560
8297684378787394263350455241071560000
15781077167618089555177150368
38494987330670806926708480
38506178756907864607476480
2408336287031740963500000
38543967836865612189720960
38563573121168201926646400
2411137151660094805379040
2411618796189578624040000
1507842037564747765206549600
24136983580213525787646940800
9887012139521780031675217920
2417075168230172720432448
195844680148529175669985248
315108490380985747269060735168
443513644055053420739045805755517250425600
1511609779215248004945777600
2418588811923745729272480
2419203246880529344636128
122496016143671249648501620800
5810532170158347331524124608
196084670242857888901683168
196180134954822628941165120
2425661884510582174094400
2426761577630567388290400
24290160167981956703548579200
2429490430087860454262688
3152190108820146571327213440
622662122539824265008910848
197078970026151400153089600
197089086810187705407164640
5846773352666946428797363680
1137207251194024371441172427428128
2436785976898936033377600
197566207572110062949984160
682799019078468919237927694400
197732598943756369171563360
2441931357985700707321440
474911503852481464855447071648
1116317965754370946827817584768
3166263750310346094115246848
39101409555692374234151808
24445170552552112500374716800
80514523929762031022616014591811840
2444938434205479428433888
238758826708399883640798664961340000
2445911906153076531820320
1730220648642343942407471273888
133873894021896818668036508937600
2449277046069862013546400
4591895914512689327782986835680
2451138217697543327081568
2451160380889529252781600
39234614761822506040855680
1532981143891129056456446400
1989707301471737380508017257600
198997973030137375992264480
199072912878367865343816480
2458349172206202307932768
1537004167213773982628469600
2459793270196862177231808
576224053410805987742063034240
65471982607735967067429599385786442080
2461460327580963155167008
962189704500598387236979080000
39420997088171758312331520
199618512254127680804112960
3194898507638869763885040000
2278070513479274372250467141088
51163334400719708215943827968
394807562733916312609114598400
39500619787199879748741888
2469607728007677004440000
200040633110688158444423328
5936243200384206627736623840
206633925266953487330912760000
633382221178330437421647360
12130214518704464940142171731133440000
2475631056673573296357600
2477842368770914016316768
10153870658285318306170042368
200882053364610162053340000
125710807772878078252145716800
26221617853686438017040486540000
4651356304681729229772175926695892645139200
1553035543989630773880561600
1553312655958209679669936800
228641139021104288904536707396932024480
39769408477916506848103680
261068704923455176433476998528
5972693756576144694489233568
201654070039416700648308960
2492151043743406964963520
2493026345005284658011840
39888511306508986512631680
39888690879736794850312320
2493430407959868453650400
39895694708558121491063040
2494238681218260467526048
2495316684556100508082848
202254715788081530173310880
639391398482396739253767168
2497676035067016476178528
1561587063087127765977489600
96000847011145513996350451968
1562219515863951557369436000
486315540315603856859551935840
40015080973456908738722688
28306042113863217890604719215488
1143217981326445005555871734528
2503075118663617366524768
16425548316669341770814946528
10266804896239989080011355659200
2503863215732123652488928
6011960965437012649317814560
400684686950142235680676876800
554889073740634952185910282611968
7079616164120440350798786293280
40110386032786349156822400
6021815680438243439838944160
2509091879682925600430688
2667008395656054681637795386530097600
40211280808760674875570048
2513357487259206412140000
264215740944524353665809667840
2038701908288222027440951046400
25182741805420004272842460800
2518668867881512379474400
40321416679001035495470720
