909698580260863651572848640000
287969185809166909284108039168
13888586448308974626470688
203357745100088759299694409120
139008852675170295854508278400
3559342392884987608121510400
13904220912410472217351968
222839568732299261504361600
203935068051946783287992942400
18086855406497825485491360000
223299303761054572894136448
1130506214199136947230718528
211885245246138213745898960402030400
799775161264417638182438906618400
1829944204688477687099821875660000
13969424888620199229237600
57230296573022651483829104640
1132293944898853217816414688
1132534677824381849449592160
91801283934587424495342660000
33595104699985641580687715040
223885449450356601232617600
13994702838459407347771488
33603331282930586018158799328
282787301168336472257082854178010080
127705475591770285568031436836360288
1134800328910648883318458560
74607282066670003855489693567625366208
224336308229748961999758720
1136234415220398224893528128
224735308047210965536219008
8778894839176756203315806400
119611473235522766545062199586688
284192011922913713436075850536291360
3297253951897005960523780752768
14078963803696869137699808
2061379402242389709639970386153600
57689551347895943549064563425260000
14086119221734297421039040
33868395075767756050984307544134931536640
14100438239884047529064160
206469281107207735972873409760
1142766893043922496364302400
14109825582949308588623808
18287125667155004313113792640
2745051176922923108577221529120
925497810386712971286023946240
3238448779976640523858910352315829248
8682070421267311213799866544640
3616073162130541006014159360
226046946350835320327831808
23738331382252759522500131962368
1145330732109428062496147520
14144120915431954946527680
141472526488969997011007740800
92820392359436507233860515808
2751861833132853949587108590400
14149815363062711002479648
14158071237237371240622048
1473960596237710820232466028919840
34036063071645085797328221120
14180462818041888159032640
141817484538189478633789776000
18383246651235120687174729600
1016183397503359939784718608629248
7540187451701174009239272806880
227182863399684497909331840
1150531693974483694494521760
208025036508971225419541397600
93342994694614326783440748960
1152705659685221180806293600
13146306561114996112216939002528
18450373156528912021607304960
34190523164353874941121247840
934692647851926412894616690688
18497971637882109378536221440
23978594796522542669289673290240
142793554825341768099093014400
1156818199308591688928373600
14284338385721641951140000
2205928286667040006619705465883888300000
14299057819403348741825760
228829852510979569811803008
14305131858469720576440000
82503909576767186993787948639840
1159365176952454898627969088
3353753591855796390437517855360
14343117610697426025480768
229586957243982241286697600
229629666859558584458606208
143545072151833063387505308800
18608040959553078794608095360
14365728285332147970612960
34495406738204114630338504128
131599597628590183299737909332800
143845588926717455794350633600
14390371758947697737022240
18657551475238637337120702720
273180933270476567976047857435008
14406678909354473927565120
944306725555008253144724226048
6585016039906949932204704778368
94547716534320540639978882528
14413205648619616665621600
94616972691524475385513956768
14432631622111135385000160
1169330452135478130625535520
3697099952123121489569656320
227579124181051570694091393878208
14446962470079076408654560
18723978671504527292713142400
14449477753920209913359040
1170450712822559071922137440
14459374390445359148020128
508669213921550365323553662302400
18756433646030571412766928768
733038961866668546661284277600
231815770629198567755448960
123275194119041467117832184240000
95122194605007480785818041120
9063963121318380799624245600
37195913441796026685055309640520000
1176577674750472535152885728
3721540367415914489869463040
34936741192606450648933967520
18858475631926992753396109440
14553983399929158349732128
14581232276727871171937568
302400563467398537126422062080
14584187237379773903569728
14587987132420235942204448
15300729924083710662426638254080
9121102746843097705634517600
14602518019218285956504928
14607082280063997759000000
1183381376565930884456023008
233951791455771763101974400
14632881993471915328161600
1584554672693191864217993358006528
14643634897035338170342080
961043381785517003251256423203200
14651089202976418739553600
1186795415302549276199054400
1187969407702255411098586560
742659177658275450346709512800
9169253744833937814526555200
3437676516680302071500133502848
3757371776401061528220546048
464421353999310718811230486680000
14691884065066576405050048
5740228475436271898819683140000
19054723850277966737312519808
14706152636481097767759168
305065792752424594807514715648
14723237615960644115349600
4885187779941767802936972933120
