16100008883564878459196830421280000
8145637627442708102453872128
808621278760774591088383320465600
8147500303216435355543228928
31858532600750594696089440
31859442891679195620451008
2663499817063744840162670557728
14575958254970083411961695299840
2584028828677310736579662400
11909227438913510849799243049250880
2584988459813755610149107168
31928682100430585456078400
319305892914176346649235270400
1122537217769296029563519317066560
510966512619765003263962368
31955284108677438265394400
76755100912900410743571917088
644282626206273251958576363619008
20009371147024894155939770400
32021481115317376121340000
681959996780434209389675274545673600
41515319140797169428527733120
512651403306438442484726400
32041893541910541948854208
8206016389596262391949669888
41595962046288186889304311680
2602159175364076991356005600
2602377646930053730297179360
32131121818592812960421568
32143032987091670398940640
32147767832544021631239840
32150822849141432365496160
53530040920144566839185640462913408
2604682741449412055957035680
32173742414624045579098560
20114263718034302457817682400
32201109130434146086150560
32202179691789321861607008
32215028510292559427054880
131981936498480343038879152128
32222831454368318922159168
12591139519802038614791243220000
6463881763271740817877821776062240
8252634506163192581861913600
515896502723192573971379328
515927120707542295250972928
32280709236034555383006240
20184580499693867202158373600
32295420762150204083573280
517024142587430448000907008
32315964008003194132138560
477518321712880942752209068266240
923407552482292897095311590368
32337897832681375266897600
32338051255372389825899328
32341887000074773779992928
32356772920097825996539680
32362912940002049187388320
38389298089277453730350552460000
2622730831258311570556520928
32393011669956199097922528
32403919959693417488340000
2624783897311517758698969408
518754729846716245476000000
32424822404438254803331488
42031552786962798037293042048
212943525475764021990438644928
2630987733445242154774322400
20318083626440774148452337600
32535188565558624943950240
32540120810623768121066400
32543049596451287912692128
32553533186782524961407840
20352261452048554207668684000
2637914597635884078236040000
29851973961861530566114503748110720
521119935855025076401977600
61068526370811904091190446764320
32598116706339173792563488
75476501085421229046411930089760
32638265564811551983180128
2644746644774308448553077088
326721197530539532651838294400
214382579233169551643977269600
32712638709067346930247360
32731677595474919055540000
523939112351664201318960000
20473017403499618221168584000
32770710048279769942491360
479987808608712154672795880160
32788689096350587259304480
9776886019933009326840461689694474536800
32818308646561165712551008
32847482560983248660257440
215581145157756686075196876768
32865648483731945681894688
42596580794491392593866508160
32874190623115375238604768
526559507247457526556252288
32922679369518314858691168
32952389642925855363656640
8437549665966271116980160000
2670488231781626038220645088
32970132056214749445005088
329769741366360062510173891200
2671429803528635773376306400
42753825126507429283712958720
527905157045226362164350720
943099216047467120878083495648
1672015946738629422918376584000
33032131043632875458563008
1672844645246272682327948008800
528822818805345486703607040
749337677632885850609534440969248
