7985529858028348340900640
10349252500402526532176361600
7986174809721579419671008
127828466978763107207680128
10684357536533678132355006710400
305237800029409328597749534157800320
648102923368777061350865568
8004680043006095553395040
4254344759197540002621827754720
50036650449154347651575430480000
166044736794038615642449958400
8008341857750427195776928
8011358413120223310108960
649161531420818505130686240
8014699164815712433668288
649424930475652738682516640
669798493487117193262041866208
64986641995391991011862994262400000
18561966385768396574972367038400
7410133590709612649252620288320
406381477595181921247682973600
1561249625400044952995102040288
8031418598388338103678048
128511118007796897064137600
8033361903909174438410400
229754842822947809163414260448
652270661988160760001021600
105143795171532002510617639852453248
652533545895230708368466400
505572384220044272593802210685408
552805245041983741148971460227488
8067751819387055956895328
8074632191828538652361760
156874676601935978361225418867865730240
6552216275181014891816686598400
8093128035140103146371488
2071863360296979887400000000
129515456540005446351512448
8096548630204439252033760
118548290520633768357106922400
10494704746647724768312987008
656434993365280996026840000
410452920549483882037588267200
1643816372159829102737808863986394816224831680
81154656069207113635621728000
4004182939162041614280962172804768
8124006882216230285947680
8124605758875557466168480
8126348133786487126500000
81285292197390624996546566400
81286653819830263201634716800
26769233557455868157147623799382298680000
8130923201300031096659808
10537752954226284527143340160
19533522915260757315522324288
854364302946900201527499034368
2083673578582785772910046720
659543694499414648057226400
8147333058353362532498400
534020386687669467243532689408
8148642553833377215879008
74576003332743717040568730684000
4586565636521098989051042953723520
5016313092363709551515190182400
81646666322283572275629177600
2090157105994793225739624960
18900579609134643235485726808128
10590473630888175308515257600
8172732644357985903240000
8178421528982376219995328
5113517690352049496452836000
131002537757206566165313920
663222156404305622073693120
663380380230306247689818400
2097437588639526336498293760
320026448292982429899589369629600
8216459965548993843603360
260057025676807153604839781640000
5141796912492480666424152000
666435049342585056231284160
120484237124179960349137008288
171689005988187856084804879656115200
3074711285764697881763353390938048
8236793970148560658121280
667288738403981342172624960
131870353940808330691531008
2110145804775349464764398080
8245103277301919827107168
8245158326772562042257600
8246479596767516880629568
8247030172796980176815328
668132839721008232598801600
1320392991547558584465650956800
317534419304517036971738484480
541728633165914671279800729600
669725135119362230066426400
2743965605746993933440769517568
82713352458878258056249516800
8271945008767173619831968
10721948649964698141666000000
5170883120331598984784769600
670207849007893611709982688
670571546497093406167132320
8280998847180050778261600
8281716847273092434692320
19921104606442999204571010720
3188528128663308521700765969676800
8306211998779414949127648
672840537338111902375220640
132961621980353574697449600
8312302728322103162705088
18103584685590979473245218871040000
133110974471118057935291520
121880174695341629886206521920
121978431829714866364578547488
12502590576620571077835843624000
9884592195883635937221954204480
8335256051226859207860000
20019803818204878761142434400
133437150024742152277349760
675644385077350720043348448
8344750630674727711662528
14459467201945836925061258704654848
8354642490956078540636448
54823402284149973798215079840
8357700742363345939727328
173345118600955056578544960000
133757249794478651027802240
94634330844290129690137660610688
8363040792834009342060000
10841860286583733010547342720
5228555947897290076561552800
8371334063755795979809248
8376736352540318194955328
700077700470882203786186085600
2145994031011182484701101568
679091895866643968104957728
1341416610865712130909770534400
134181822613457380476000000
61344370876683475616948955793920
10874786587268139909406247040
5245787604728726464656657600
83932629570448853343394915200
5247182482997038547888654400
5248235800371934002893148000
2786782875050583415226107607040
134528285767331925141195648
1969730349909284346883902775680
123126160767164831371389660960
5257303671461778066360031200
636781071407579039879384324142843309600
123414354100918368545477622048
134978883949668556746587520
8437510406175592305004608
8437566416334784760318400
110223439004684269434849303492448273728
5612311779851824052433836751939637440
4488490092636303873378580002528
684156954578664597957444960
5282327197940044535884476000
685315488698185283950122720
8463865931015493342973728
20337036017043319131609656640
8471559894599120477872608
10982849262735681369159660288
135596426021628937279195008
4508632022955374825658048369600
8484544805663857622545440
241076337955913974962430679205600
8494560672966089915640000
1361506638726179225989577817600
2179054998052136063168905728
5326269706255776392037924000
2182177879551817364107097088
8529008455696004993693088
2183912255464529278568452608
691281234594187393479333408
136570094362587335918141568
136708001238464618263698048
692354121621928501111836768
8550089390741425881676608
8553427484736115152082080
8558294931682616776302528
8568376014272993466619680
56242191576156357443623725600
72315810284000707621827115443518400
5362519570436746708068408000
8582209494891934210570848
8584535615946090847053120
8585897467172305626422208
8588281096702639852909920
329993993353021143998534444160
56359422965402840143877601600
85913720408902722848623152000
435163638519172872095012740800
66885203406715316582427792823514400
8598047805598080465213600
563803879800569625739928616960
137679913815027288236238720
7186989280180122937922562836131200
86105550898666285102723152000
697534579948877604668554560
2205038494228597376166182400
8615387158602145977650400
246084322381941292194558993120
56580986403186385704632415648
2208298593287511586644134400
35334687294942418650214133760
