19500349703226695759707413852946975725600
28101938628369369920270400
28113401718569754274601760
28142143905143952834958368
30204561815844531881931102744769248
2280670916448807396656382240
450569095142639211624859008
28171876534848498506274528
450763859323632625599150720
1847383298989196077566285201408
584538719692419069119792040960
28191803652035606976338400
281949112972376250944589648000
33444226811645813260645260090048
5485629367737233656729969053600
28213680288904990737063360
2285816717865066420512757600
3677837351351268857441686809120
67773450937213991725807440480
413322831105306252923773382688
640561129678851020266385029122720
282617635650697268033927020800
452502929515989612483669888
2292084119831566758395272128
17690716173820528572878289600
587076176615167967730834470400
9403175063235949591168530524160
116097736399820912973184585728
36737385462379080076970937600
2726482665670076235805151674287168
454165768619410468759783680
2299818129063031012667882400
186304645571750914677102785088
5583280104126373466339762716145230479360
2301817660718592726482617440
28425207920215758295847328
17770665010713852992490136800
36869930360170355852897897088
2305233406605665678703069600
2306592484532682915549280608
28479565302134955650532288
36915467113054529991710754048
455949273594649943827918080
1442847806528735986372783944000
456046402014612355940880768
2308928037214935524494867488
2310420705231654726109958880
28533022876187042601557568
17843914101583932635727669600
28558452053168717745078048
17858328882535563261439406400
2315956669233430896157383648
418884935280949731984395137440
457845518538790883694647040
28630360310699827350686400
68768540398024928946035503680
2320174735582060411167290400
458885586737755831835021568
458993281045321305297442560
188251537982085095003620134048
420239183679040827408380694720
2397305892777958309091123153568
28710822932812108822694688
89343943019205153085993961013120
28714892613141474880622880
28722050686621468976667168
3743095995348767683839074298528
28732298885138883196689120
68999590615992255277712874528
28743532936896791096271840
28756456168643988597609888
460359050324252575139930880
28783018653038156707112640
1807247794134266268164476358940000
15318268880759216454877440478560
28842816319879717895509440
28845069344496691577151168
28851406683900043597910688
2338203873729193930405104480
69332922967942924015186204128
28878034913290876907713440
146832963054878684498788215529780320
1462814998973107303863158719200
462413416339258625550193920
66876512439424663378382240046240
4627920928554462782964179174400
7404966093464290453026240000
28936145517123004814402400
37504461254025104628228097920
18109133968023467534960628000
28989820382806014074061600
2348179267401646607081181888
2349213681528475726930505280
29021353802060096710627680
6221485159854660266198432123281248
29031398987249420715041088
29050364610645259751508960
29063391163879126492970400
190748512375726834359279697248
1029463964503456087784676511550476573920
29099662020578663177178528
5660484043464950148854763972768
3793396798117355469461411997600
7454209323922246898099762688
29127312982825510395035808
2360499862813535338272205920
69977114986371035369286487008
191234215138216264675537500000
2361607333416273181663765440
466532546490107881325751168
7468169304493386800593218048
70043923459834250968047127968
604968586944708777270417197568
18242403170994108927039057600
291903527137154373535122537600
467224576892691369568502400
239882597488611747320141454244440768
2367649707102736717246230240
29247361596625950185405088
1480994432943443267762273860800
3813094490875015263646016855328
606737279578716673185790817280
29260312006033197803619360
264607455600319134661608704368575225600
7314580616149384820405447827559570400
