53463641580072073051214481408
13056643635382488837009600
13063949937317059310415648
209025997756441148402966400
13065193868499884735738400
484134288373480505779041154110720
85879774401284140326559238688
13093205813070216969540000
1060564389020066725726726080
13093517309696025452965728
1061151137603798335085073888
31473744194679116612381692320
86017721351719864551155765280
1068052233118448712695890281559200
129008305908084290464253527142400
1062704355987688084516045248
131214538745716519763172336000
27360672401810551132129785285888
1063595383683209357550575040
210253309704638039920526208
623881780690651346208294603976608
375557806830163351753132837440
13149364808480316450621600
17041973351857036462860634368
13168906649056143540561600
10591325488279085930041307615359886354240505600
8234595256168471522858312800
1067680620747618543305161920
210933792945056098889811840
1067963814713940065754037920
13195361839180957688087520
3693294244331388150530350742208
2566924758550022447492631948960
668217979841057682864206464800
211243933902745204665409920
193336162339944110199896034720
120874510641391214012359833108000
13216444881981258725240160
13218013402826042154183840
13218405554850865985789760
3701873467682078932416743895360
54246605000561308047823426526400
211691263138978920339705600
670130725449873649296409300800
8277475803728677536065407200
1106548265117074176765327052128
13251141756197390973490368
1107329727804937903254761353440
1074140417418836813573850720
8288772420803426628803025600
41283674595731922519981221699328
9387489104200861530320012006880
13297720560820276292157888
13301266194140804567614368
212873532723204892745179008
87299884954458674044452975168
41405153935401831078783043648128
212903799113423723196439680
673801422235254708877457928000
1078485914662264145721958560
90092133925292330819678103573600
20885839854112495961394825971645280
34137590672636301359954425087800000
1079729903424404394792403488
213282401372614603246990080
17277528270634854985984193280
87509514971968413125356604448
1389871680939894825344607200865600
3419638875036039504842534400
77025656268345197156987633789280
15320719415550372371191795763386368
13366395218030533540995168
213910097204691402920160000
8361245892166945674967543200
13378025083646542069628640
13384436619063380978229408
17353627007167875472393707648
1085612897150715705948652608
162875374598670463126516343777568
215066058602975600481288960
13446613121571299511000480
270971544116769171204501653087520
88234464766628316468228619968
1089643349359127110394579040
1090899124077551615818987680
13473087715136144156749248
65744560123377189977353702977600
13475793024610704276434400
1415959087324312670741185161600
8431206819360443663190456000
13490759149856030640867360
13493307816411560881581600
13501673165085688921010400
88643340425888096995717698240
17514431498306043178181579520
1095368584948716920714510400
216580340016988927014000000
198215765802173409301417560000
13544996054701437536142240
18103442993823487653635399211648
1097580411924647757139440288
13554184614325607280262080
155074853410785065909995708268285280
1098590427129046672775874528
22781096702128209735605769753600
13569375954330847444593120
32594011333168509080088408288
13579297186600104992318880
135955549515507924958415673600
17622732357233304979340678400
13606608628371568740490560
13610376189890667008133600
282380295412015257895911360000
199530860591635184899456255680
1951104892821586393979574156239776800
13640464553532985474893600
136406693250259240122249513600
8531696241974019210049816800
13653558505281498109849920
1105972954812893127224642400
691514667199256980778488576800
218702941189311760724796288
1107301451030982882056144160
14337999108095211215165522411520
713960445431509081182485614365600
283659566558613690578521766400
13693541206294849802181600
1109648775327672076833278880
1438359716734678912475445056640
8582024279656513337189896800
13733611656259664431136160
3517822197659324979994034688
1113551825994300215240530848
220023649916727061830542208
2088040424477020057995473733593760
696717699390525831440036767200
3523443021814947359663208960
17852963816894178373202793600
1447248668918818139969127033600
201854231692890967619753578848
13791574397960569456440768
13799430006752903793580608
1118346647013511579341010368
56584680502014917003807078400
13825369215866887480692288
8642194270195281272121708000
13829263248994034534054208
13844685203060358766954848
1121759370886482589151288160
13849395526118330123225280
13850045320162982964398400
13851263745626243495409600
2216884293855897958105330521600
13863858849966435046970400
1123023046575317990610227040
14554838308142042988321198623961600
17971503135697916931695783040
3550014133129739654355322368
246140544464532386761589281635528000
724009753153486276785769783528800
1123477440710656314886394400
1158646765856693287452163831968
