21398186259632661366840000
19769941561057001838463963982400
21413386033543651083806400
27757063937263709040765873408
342816488457294792167786880
28661331007769379179829227145600
13408188269515921473559128000
2252387856076954858393586133120
5493032624718469909770413568
21460387586959391437450560
13415943405614506299963319200
87944004270380944364404838400
21472347547969327661913120
344637257923212117342399360
27925417121806773041943945600
344767589823201744034120320
141438032324018074323942007968
27948520273942863255080534400
13484475324198165483107841600
21578626435233943644968160
21611267290002142743883488
21612968348459673622758048
5535195651091539294171609600
21626580431494831031332128
21630551833264332184795968
51952005069120428697624645600
316851679260335465622110454720
21641447628610491245424960
18080415860840277547448858626473600
21657003964696133268283488
449192203973909883008243900928
7187781198756389950927036569600
341623907952892924479903536846400
61336121334268816521154282286400
5561269768790357552343590400
21735025369868325333960000
21740834201590539783510048
21749720549194243842395328
21764537181865629679595808
348389033654989871647186560
21784266439455059447906880
21786319964702495462940000
348754110193250229901580160
319143163283154068635705362720
199533378394591116281631045374400
218117101000510400014498550400
21811772903770784421600960
21816455018202011678385888
623140671602332480362650757600
1104921417857113799506537646400
28296790746440543356839350400
21853024256101439340266208
21870410740141035220277088
21873614644752931207593888
21880252424103198650965440
5601941654720579184265428480
1108096534617355545577039735200
350268580733480779817368320
7263260306457060289496034244608
1773261741390775142612067360
841242475747486670432187946368
21901549286855777410343520
1437418327397868339190351498915200
5613672239275305319909562880
13709928718947628362606261600
219625544646245469683789510400
351529810335976215625240320
144164489236153347319019640000
21987581505199597891955520
90070750924470339735478118400
6282235961815645381269500031638400
21996198645452778055266720
22003324060214000006817600
22012750654565672799372960
52866024207291500834561821728
29425807055408786709410029737600
28543267287268914332161975680
22034719465885570090714080
7311601983727801451038416537600
5644493740308261167590069248
62317373742907190462049049087008
352855230965471795454536448
323002260839038774948445465568
1787103016742187096298629408
9487541745062581515309573306900480
22078015012430570118185568
53028525683444861848832347968
1448011223042088978616188518400
1789819323476528304570744288
1790015465330215464437580960
17902970971786444841625363235200
22108336765114159150831680
22115374026892529948405280
28684646702427872132094994560
8647586491669433288780193240000
354323894175984351437140608
5673792447242196973772743680
22165259774560785377460000
22206201247771231245812928
234425186510575873443431879590560
22224840273925372638830400
28860781022156032077807993600
22272243112346243303454048
53483294889651546650093882400
356575397305871712987258240
1128453725589230548916529422400
146257180920433837129196690208
22292316505299255687798240
22306248214046677452052320
22311241998526230354914400
1807872366649566761811955008
22327158019689271875553440
357236852448930569824996608
357259164710309469433499520
28944067475182961505985147008
1131708063923901807804704944800
4349862614732697492683008593600
4191621111065623910944420378019520
13981045879508126718481512000
10491494856347833893874309565519411925600
51809880612562222391426262119328
91738708194205503340009371648
104975538345480343748694865179626565600
22422483308075524786907808
1135344006755621283865818103200
14018890693908217990403246400
