5292106280524585665938068560000
4085446648974217508645471808
12912835192658151513267445248
11827096073457429120803453094528
4092215113272625226041665888
65498298211639666493651456640
50573148782835484788829728
1049141103408579477693048537600
430407759466488052368153509454720
50654300543605726427600448
741646769637467548002287233248
50681587723947339284487648
67732516674486505261781328240000
4869073472183260864465010439778848
23164101374546913067193181575040
4106241527298907475606734368
65704948431156867334556337408
121778067959647062023826886848
50740066648652308876673760
50743723260966736261262400
811955499790515872085840000
65771787430985058685974216960
333050327187763416573673533600
95214627494855977233978565828128
2297503608702429275118736763001600
13011792528996210416350338048
50833264323098661661704768
50835202818184012660238400
43473024013199023293711751192038048
813691551302036785464078720
1882833445350468399961321056385920
13024588283599033332934844928
50884545404040167208343968
1958442951564234921518296881408
429759457119125309797771695910436448
50988303335266544907660000
31895681955239018745358202400
8672098832180734839940086155584311168
335049486119139802902323271840
51161874310549582097459040
51165553697409696078573600
51175077737895897377880288
819223009929291631758753408
749705902889715934614919909728
4148297402851768932946440000
51227917004652864987109920
181856906797193250754647070887897600
32090571899395665315787912800
51383640421024814770515648
51412742274732386353730400
51442073805098989079997600
823303561150844054424950400
32162489418203919870907444800
51510780383599019761675488
51528402956268426646069920
211197234498136919782701557760
4177479570053441370496097760
338534283879231221084693005728
2612212432652232073086403780800
51655157405127318973664448
32298590664680259109907035200
51683502176033802462474528
124114904899591119949955913120
67018827947189099237916992640
32327875619425799390575197600
1818454171525581737768230207493280
47777236664510873705072993427168
32352458708648044544571316800
13255635243182010716896301568
32364741859645368023912124000
212111800687583026218762528768
51786076759947849475050048
51801803789135962449716928
828910129184533250339442048
4846522671344727156669421440709529760
32411832346596212519221898400
6765209373941323100965005167808
830673291230382433518292608
831121525953367970365046400
761282554339218509902894481760
27642794199067732204248043786848
