39751696342368766209887214642720
1564521556570408884840000
831471772415253201452947446720
3619740014557473869689219145280
1564933092095688213078048
1566754319183875723384608
438444408678524792424095661600
1566960296987269675780128
126949027386056455850624928
25077893623036153297271040
15684431439513330492636105600
3771737339329386712550069280
1571084119705058031163488
3773333025844651091706864288
2037008213281373262165750528
1571957508810117513617568
1572084577554378655241760
10342869146313438088607853600
985341493592954959577493600
1577173647529999138820640
986535876641081726983903200
25268104980565279398410880
1580520057743984019545280
1580759290642555370387040
442434814279533915690266222400
1581540974044930313435328
1582402756809852004740000
58581298120983425607384524314368
12825544889214285575123230096320000
989676298446646269430778400
2053082568652851776160814848
1585118076379391398353600
166480696980190238781186057600
406103835802355006718901248
1586397082295240956440000
15866361823378607171031561600
1629547433165698408951627519034400
406463199319918259386560000
25413136703571154150631040
25413264759446729667232128
128709873926171621062574400
1590094556276654740179168
1590911751944507913974880
28418831066387059392435966424800
14570378379586421869064387553600
622110509474533862695747380000
2675251848109854899933424000000
25502509102615712249760000
129107643985930837149695808
1594745552735692203304128
1596191037799909152201888
1596512390102922058380768
1596544528001721750774720
408729283022988612706821120
1596946292677136988945120
998185859882062919405253600
1597975155775423626159840
1598039476221631498162848
25576544071927237601979648
1598763215046809822740128
1599068867460455912906400
3841588678929287156055921120
1600259720939347663562688
1601161349388864235713600
1601306289489899568510528
25635269314791566909009280
16023283964514353043907555200
626193249918436157283565380000
4552517859269233130272761991277733120
10526414138096657019813494208
25672411009093944995913600
25682606232225547893195648
1605933430700234275881408
130171273211232344147647968
1608097268777795661060000
1608113425038658947802848
1608420417126160136085600
130309105448310429159937440
16087832091642499401539491200
209664715907330552660421554400
1612269621822482821120320
2421378234403000892630560303200
130812509528647909940166048
413887522638436484400000000
25871182140015566065565568
7242996667534679344119985813248
1011106704873038849747551200
131131384135157585834883360
131194527230466567936196128
1013136861140443159455535200
25947969101365205688992640
199247651083524318637861603882229760
2728013013934168789469848094208
25990789133916281513096448
25993784612295142808178048
1624835406397589602901280
1316156465092833914972205052800
1625519365051475323856448
23822954053288263764150694720
1628273667119643346198080
1629986681853484579217760
2115392028036109351580429568
33846286564466454470045760000
136505894492057616122316759360
82868021761006463113122228000
2457272386761747427041479419200
286247506094800689872021132749001448960
970172209827346740090931186449408
132804870776127656923527648
21250657798492812871092403276800
24009879893072164745052493248
16400381946879808512015984000
1640325968419567494981600
1025742935380940639097813600
1641917195877938677222560
262744234635684258822801523200
1643033385602479201125600
1643082642370590016030560
83202783376456758825271375200
103128299325973479573933133458528
2468438381377481002298416423200
1028154529926475159267082400
26329999568705941726222080
1648491192141367315616160
133535341692185933215805760
214874795429442213669269658720
24155436019701150601660357728
1650796747964605656013920
24174008706644495532405826848
133887232040606562712442688
1653104721330332359483680
1033196636157690226337121600
167347687309386040511294443842240000
1654342130681797026552480
83840614612804901408897541600
39834715937293523004170360457600
2151449892712209878834663808
1660175535994622907218400
388911806663153041242150422400
17527349012092992663202875140640
1660456853662570834954560
134594439899596647415270848
1346038509654606084013082131200
1946545934895070498765109230845600
1663503991891452343485888
33523977358046573565048000506400
6815651339934714516998473728
2156601057787298740820888448
31205492901154857504672203676932246402368800
1664200121814110549555040
1664332742757201998885088
176768044213573290948153128019082281600
1664929635093811775214240
134928263998973255020797600
3853692052311779398901354455008
1666040945492033629937088
419969356670072823842140414242048
1666920435808836391468320
1667202610219301192397408
1667352011174488565686080
16677579344641556767426915200
4006758177408329217824355168
33394684937301018855403651943406396000
16707486085717772992460486400
26761730773160784598695168
1045518954386373696177616800
2168483838332135003394357888
1673436161879284275573408
6855933012213183150599270400
1046403317375479422857973600
680789824215066884750538788245248
1674418496472651024962880
135647683539615313085331360
1674834870371583987773280
1675834484556330238926240
62036449263520362798861185331840
1678151976440068874867520
1679587023433808278959840
26885479379133428603044608
7563923333428720414508230516730400
136182706064280164595585888
24622975097721385223621178528
4038124533042703371818541600
327163606997265873858907316160
2181163026500076219763593600
26931594311161318069081728
4042338556894646399171541600
1683646840114373154335328
1683847515400613347669920
1683880963025641250222400
1683897687025015684356288
24657975293108282221007139360
6899681342460661527606374400
7761739209050771716461969351893066400
176929586842031025802086193920
2184577373601446467826160000
1586949300314180830027456164064202400
10664248504807316017497840773217408
1686575131866566249550528
1054176435019990958413216800
136661869943792863091468640
1687328738175263702978208
177182704934113080306731040000
213089050826726532563938964667648
48207805605973561286144309280
1688568550969200309950400
4055000419302157407612818400
64904777280312505630417360128
1690949564532691433237280
27057004946791967769734400
136987752406495120797633120
1692913276927591754943648
1694122565132013457175328
6939224946704772658968145920
1695147607830953222633280
2197621145121822266167440000
1696240378281689482434240
1696778551616806678235328
14303688727895769953346370747932960
1697989909839091939683648
6956866783397392410407620608
2201836554426825088162502400
1061944370969670348557342400
1700178727057431787735968
137714931712537656331963968
27203196538318325784456960
1701375051100854834315360
3936674689123002846862971155040
1702706914153734738341568
138005792582342481144054720
331362376914083905282879748160
1704461444958604440110400
138071857960110181263071040
22105406852602277540999338368000
796925320858796142771823939439328
27329689228202581213884288
1067902521691286913217137600
27342538578424684174267008
1709716257688701154398528
7004422634500988659217049600
86698460266653856457217981600
17133400069709968296707769600
438782380209204143193607680
1715542797565395256382400
1716594511575716427900960
1072930955566759554181425600
7686509018872218778836593919360
45297815558001355836149445967979808
1074151031255310344960584800
1056518314230619918754901124608
1719446747738731176477600
1719786536264460219362400
27519507094508383258706688
334612952567668737763845660000
1720823202312546076206048
25198441572975334121957986080
1721282204097729061129440
139430285310879019605814560
27555411833539798073120640
440937209297292158383142400
1723204207972544426114208
87260014579861330602932224800
87265758748297905192726223200
482539821232020882843366116640
2929479313961194644633209295975360
209697600213760284923800264322400
572765641592755721183605647360
149004696445690985586737314967347968
25283424333077044186804957920
27636053210320946359401600
1727649678815310866890560
1728655784447131980873888
1728843412053798608113440
1080531396978858852167767200
1728979878088144737213600
1080797949756463448065015200
140083760004015304249800768
1729457572830898915473120
140088366823374975563778528
35908211156999199683292891648
140311933989929762612299488
1732428323670221701318080
2310045364816640823056603193588157187366400
17045035825282779535613834416128
11371669078930370694687617568
1733282695158806577197280
90482816799633740571094951732800
406250018717163499860404438400
27759536114974783227195648
66653462106641005831730423040
1735420006419709715645280
4169149628302816838895187008
11394909908686139150787357600
7115960257500299041826457600
140744151998087585498460000
1774328082982604260784468616543998400
1739974782914318911872960
27879039590945478702918528
446749711042331124526487040
145789572630478253355523602720
2262883046513591376210960000
145838368400138379082246404288
1746153413152478666118720
88408703219267018136963506400
279548120960566791290954726400
27975662995634936157982848
1748732693005245622641120
27982407120660154178386560
1749059605561157851870560
27986812105338795085929600
67230198081937737231052536960
28028547585140259399841920
1753175737171733132726208
25680981758357837116504968768
142080784131942015397311168
22739461229762996004675095616000
1620822275747515379243161826208
17551407747680066270680339200
142219115746200297634415040
88971252940290414663856101600
2349657341349052894193379657600
37835825886391810252097077138711968
11538076057789379986980050400
22793156596524132472088068185600
28154448974729642458185600
2281712827260768178607441280
1761464387990844460744128
26032081705061792378240077342080
7228532172240979999091410132800
1763212194262230150481440
28214234293005982376338560
1765013274456880192402848
4240935317437678001472002400
2290536665042769496641547008
452546220874917376584000000
28289654891543561782796928
2291615679127535328988240128
17956109503288499572008111199870756800
1768793092855757621535168
1769261657658467007248928
28338675922727668586494848
1107268875548682523576418400
4260488687782559309445120480
1109172488755196049770445600
454789399077091970358942720
1776614667290970505318368
28426600726450628273741568
69207079645216166082035118885408
1777032545247049842269280
454967697111698537519900160
28439834938658010419067648
1777589830520613100860000
17779390713631962643834771200
1778931335373203815092960
416725431681536836242764561280
2307368294097420886829763840
1781773649190744568514400
144365597573985002289035808
1782995319610414754846400
1783990572346235114608320
1262209051030492139537992843968
347085398560486051743342357600
144573036056438195716364448
1786174602839072917756320
1786629132997605462598080
1786646616659005576853568
1786821460330648769879328
1117292428171693049506744800
28619859408429579914582400
144892172460929319393660000
1118497623178841028218964000
17902501122033237814920816000
4301570670541905731581631328
1793492568368778310574400
1121178350639246565137066400
2128185255176283536570034165600
7356820989404410777185773568
1123372061676690160713050400
4316011180349662200658405728
1798986994424746470327360
203693186995756213773314617545139200
1800709886172288371668128
26368173042873678912059190048
1801501424385874191983808
51485620758444640549891418400
461493509771041953600066048
304600812304603954887085464828288
1717655691457246466198594181549246043200
4618895437445553721445318553600
7391392451817994504876873728
1892490570462897096992093011968
1804934439166182099523488
3383183952096129634932497129280
1805621630480972158140000
28900873776788667522422400
2710779911793737801413888984800
11852401478452461670827837600
23007772470231943921238398672171485600
51668810459137320719347516608
37524192618920889262180377600
7419137233338041407982868480
290117425768575855696817536000
26805294030036882290344194345600
964098623354048061688022760000
708682709072060553189492120000
737781623259139130581060049585280
1815032925194178652141920
11909772389090645746339830048
7442658913746224783048885248031520
965622435350784428076710760000
29083931037542621777846400
1818184088592406881511488
465580417560547548949509120
29129440795824461183261568
1820612215164115280196960
3415062967240126821937639714848
18229992854021422142148931200
147671736480609120805547808
92852432424221162071542744528900000
7472523882291556093179033600
605589239699904656076835645440
147964786780170978990646560
92580209968510916533340474400
29260169670475561956872448
92592159962939032962015122400
1294035808814292870543029876448
1829975204807586470040000
1144319815747795296412351200
29318143160855973560949120
1833644920678832128236768
1834340293598933254413600
1834696971806040462674400
609149504067186775805233164288
1837927275561752943810528
1840107012659042280156480
29459805506096254974000000
1151065953701208838912850400
311428277566219560458957126416128
1843935168457588924666080
224618955026084188788670467976800
331226707592678740682127538499176955280520307040
1848701853215516678372160
149779238723065951735694400
29588342812096965022016640
1849742431562580007150368
1850424427932874812879168
1137388071376559432340871715328
1850657785769142315010080
2399846760325315104739423488
29179225932204140180769272568768
1852597304324449963394400
18537644430758941998647443200
1853873188455339497479488
1853999015528865103778880
1854538346965017576627360
519149362958138926441076475840
29691676598351626539988608
