75296353256463739343802869760
18385968696021931633289760
269229482606101399875673755168
23834324059332096173513690880
1489705614335152976933314080
38352645720448549739958929721600
294351133103676103837944960
44200107570401193152746630080
18416023029817881785281440
1321318711823419724715819975582720
115282857775810150841857413840000
18447121224764313392551968
21878438966790046099276638300480
295239749689567268517840768
527243567986795695855336723648
18461123216463393632157600
18464045500001806456153248
1495843467277658667212229408
24685682892067075703757545846400
18496718057051437020507360
1498318624479872114134740000
18501562121096536516520928
18511556008007081716437600
330529171915459246796153756541600
1548461890870335909941749755343812476928
18524483397955351904561760
938566611462049023144004977600
18545504845999242682198368
1502835715618275102014206368
18554403919339910351935968
1502961335985944842244804160
3613035394791508142997942681888
11419517971298095682542904867328
11614757069344073400276525600
297424715020563401465462400
11619821067846158176503732000
1218598705120739074581569200128
18603710118937045112703168
18605027645996402224183968
18610197081803698176273600
18627436314946867635242400
1509682554591232189633024608
44772371413554751159812675168
1510570548515843859217612320
18650575968840577884403680
4774687164420032991956794368
18653825363944383111660000
38929120742429925359860035728640
273346458355859218209809189568
211324732316781339051119636457600
83619032714614280618755544945280
186822706026764384781895843200
299003040136265268226384128
18689698436676119389131840
387801032327132593592348656128
24252517946985070008198987648
299414073263283146095444608
18715542780145676314642080
122830455333526892031636908640
18724197460426409638098720
18740394862127316466897248
1518778302868254732699608928
45052863272172344981237721120
300306778862586508192873728
31527791422246018351817359833600
52533250422702034925876506273017600
300366363459774086958476160
1182957008819859690516467357389627968
18780372969972152818234080
18781699869388796519235168
457318100253149030617349522326941600
4812019584046454716083230208
2450224532009318670131135150400
6238280135316569121563624460288
24368466581877708910313654400
389994066119919031151933518848
18810705068706703619258400
4815583008810035298539670528
4817885575195351396612858368
18821130624227565450323520
18823482083433287966798400
1525502762406205596980078400
4822074174917356933949065728
724018686701908169606174921088
275957853496748062657397629920
18854685316195290938577600
8618734376324236133620538160000
1528883035180518907247238720
4832137957101728431693294080
1530330278242114702825246368
149089027223623300433202261518400
124043474585443718440203531840
18932709089565580804313568
106778718171778134736126754085945600
5301497403464556324776942808480
1534844623926615337527998400
11057099632245709537397243274056436480
189582859116748965088531411200
18984927899318306714208288
19000058591286608219949888
19019216508058721087396640
278488190214972799945369701600
4870861785879700214085081600
11893477301220619953058375200
431424308156095022950549215540000
1541694706304865051660840000
124905833195100025194690141600
4873817661540497253384353280
11905090995240111034454539200
4876768279886539582670630400
8706967713089980313272200830208
19060981441629487443956160
24705227877832368221662546560
15450584892237960060804256540800
4883539297376728895978918400
24734334977525746980230941440
15462859125869715158823551529600
305439578359390071850208640
19111707179690015345275680
19115844077926023086524320
19117395587898435009454560
306101400873487477479661440
19131363428028819093846720
1550355910812178863269637600
60227086404658252237854298762250126292418560
4903026192466132873766865408
19153520722654583160735840
11975184997262861944120824000
606326008716483373944680018580000
1552319143527979111863660480
5363926581713642807233422694080
19171136024716847285949120
78533279166327418544612505600
1553707394598774986054965440
3731382113111781923173544474400
15541118697523132643032633622400
306995736840857719911809280
125889008298476235553357122528
17720796509955261202952359161120
129844725320109487398210770227488
19194365325098253537571008
19208375317778028404576448
1556203546986909907026171168
5376612186551851058188626814368
1051543045014609965775809439788928
4923422461509036422806522368
973711458771029748709053948000
1153589696945075169588378948618240
2339117054362135950731533189850400
1262084651067224595248782172160
13624341003601969293639904927680
46273638629900175267466982688
1561606736501003178465355968
365925723936773820287291409801600
71806743586941168712216768460589600
3753032159059842714383852491968
12065789893379864456600337600
1564036425681394740110320320
54051371184105436330860445889875200
6408282255835465021060733921280
25034139776033035984592605440
309072071612638111952528640
282912161946915828608352878400
1566902821535030656625348448
29029631008763686536238908223200
46450545362421900586395146400
267993549009305445731855563058400
19355578323329360819786400
