1051482014710386988323168
1051799241067262102394720
269316636247291184128109568
1052057774869230387249600
1053857078496047686787520
658731283048270142166458400
85423125523651915667054400
16881161888740194569174400
21893365916836373258114250240
1057049743554472683908928
3962830731399802981130891179008
1057722185795711250343488
1057840191190997130724128
1058253287833738983367968
8350545733949340588572422486368
30281271041733945105262977600
85930343216582579666354880
1060911798759024680086368
1062059456208306891752640
1062189661686779503853088
629104267002888396337252946508288
1064120473605984172630560
665411704005562209326719200
21906804025335705726184312457428315451520
1065686003898920108119008
17052162755093327526833280
272895749222415506903804928
1066042047012411650148288
1066077656229922293877920
86451683989178838301661088
273309983588375205716571648
7009144792457702865485594400
1068429837708142386206400
1068869818047116963024160
1386837137815022377391558400
299498264036273042263875944640
1070738273473158107051808
1071178966544946352936128
1071214704376728119430048
17157311396931516864888960
389060716788239456976340456736640
1073408334680767252933920
208880974903411188264986114400
1392025227622253904774009600
41267935049816470963718002560
87027927138304207425447840
1075103546974106257560000
672257813737639119921854400
1075677030303800543136960
87155654233299289285441248
54519416385799962865599489600
1077171553188532265388960
4413984471733704568861593600
1077841604328621034256928
622667745283907268685717018641600
1078895173358088984450720
17270516337019679953726080
674763217661100775437031200
6224138861696176393968244996320
17301976014793254915398400
10824080468917145348169350400
17319546881281368717598080
10651868282608634449149966471168
92082460687991775276220462694400
87851902289455984132440000
54924160428980141641790450400
1085268905723214802349760
1085930695389783581384640
90743792411352103240169940000
1408248960701478428059113600
679192739940409310621678400
88038726110779632710760000
88065393068609893096598880
1409747645471497884830694528
41798529795942271380708852480
88141199317308279040298400
1088170990448678440737888
1411036533118916666704891008
255177463737019600668463026048
17429016764046818702217600
1089413074196311644486720
1089473396572961307380640
681414152476223342097348000
114569397524919201774706476288
88437409287021247644416448
1415211291002043046134529920
88463840413965572996193600
283610221460747339572273337254421140608
1092855449783853810992160
17499380270410122391345920
553960372403383939541365538400000
16026458404496141745775017408
88810930204817861225380320
1096633292184461538749088
17552098513907131638447360
1097664207576810718057248
1098234555119962706860128
686484597463114334158005600
49672780002516930643699110937728
1098890122394762442360000
17200607749883357915694548021694314400
16092858866084471241685289760
1099473095212622211418560
1100275061538416835153888
1100749156900324138434240
17624391205804562696646528
1101709973405633570172480
52327595696934408752165940687910500000
1102135852611846883429920
1102221043267478880673248
1102500990194322332053440
1103657857777356147577920
1104352415191473034314048
89458140096412945610227488
89469988066591748911260000
89481837213603785965161888
1431802878953169233935353600
55940838439873145234746802400
5866903769175533633141489541120
1105291197444460668322848
72447978977961907107406553088
27595710497519870818123962943545384000
1106853094833572684471328
7265303371778247501378660000
1107402592462291120758048
16230198926728694066474166720
8397510400317615458416431337879200
1108868919746411957662368
17746157557994057129155968
7279023979723331783218658400
693682075851763243837231200
89920753309238461642876320
1110593714497075419998400
17772681972248382980438400
1110826287390786438714528
1111573215684421625150400
11122157527013764336697107200
1112492086348104461594400
1113019162399364291356320
1114441976106399453649248
1114994296772079347110368
1115239838510683230643488
17857543722871024812393600
286060118011950724561763328
2685790100193714521312772768
14497674681978959319322637990400
2302840965120459361869731352631488
90645783724667033880933600
56657270934832656982866724800
90699306386877568322018208
700587753038331151675096800
90837044927201581024161600
95259150234461105459917522698240
1122008143210318625172288
90954279303411748061148480
90996271448374818555527520
1037628165676045203548859870048
93842684789607543298832578368
48371819853655776604207684407840
1124168141101110142385088
2700093792570295949378163648
21362801581023356748059779305600
1125960214938336403660608
18016896935635307798022528
1126071517683678375965280
288282619530423392238873600
1126454956969617411430848
1126677644067714209797920
288612038174794308583884288
16509557556790080750791591328
704795447646786821254303200
64605349397948523521966309619360
288713454531758003787468288
1128410782088282847667680
4630262651843674146794462642400
1130108716400646375787968
11309280032996800756217385600
18100844059191911456926080
18107199069357092801258880
1132106547348038386689600
18116834071542504336025728
1133584906601164650282048
32402049470856654807044468928
2724889261972448334685817280
1135375781088056732777280
91966110245665992642005568
91986943371041469838646880
11356813119076078648637596800
32741049436235554909031271110039040
2129895398740827527735563281120
1136595783544307201632608
94969700002078416553126320960
1137741986473833540988320
18206015589445201650000000
92256412288164225316383168
14768424496359508679276876928000
1141398171274953146358048
9500268398822696674394128422714240
910148716157166532730894642546688
11429175096266680902215289600
1143573587071311241560000
18298628749254411664076160
32684673227765497250172221088
6357190809398706148358658598015680
2749008857393419468464112608
1146253360816599230683488
1146692089290132515866848
92934537266402073294212160
18373214279810137674947328
717808405039297118576330400
36343646986343367112190564220000
1488927170824899020015673600
1149502934580779609883360
1490145149257052823646771968
150789185075133577944767322914400
93248514611779419754388640
93303525352934118753806400
58320520027965810324537141600
18437556101339634280428288
1153489609873397516930400
721108893039781398465564000
72712178875491827438400729844383648
1154320945759223709211968
1496382348994933528841263488
44355751694125634204646960000
224653974060041346049481655648
93567030838319664211874400
75725132845032046300926320640
1155505745262132337500000
1155921901733606454371520
18502874218829907538439808
1156767171264508814340000
1157044823528206235663040
2778592826330811751455068448
2779017176728846448054509248
224470923351506934956787933753600
93848831846550922972929120
1374807345588887737310423640000
7607237199653192029066052928
1504261696136925439433629440
94030447465779279694364448
725842021441091120046888000
24083548784741892314346812928
18588614228634236117662080
76149102496035697537350770688
202394120345250912393508938591808128
9882222997357513560197299305600
1162215739509618705151968
2791987574889312957297120288
727346193066289605094072800
727387392707614588254177600
12671908218655344778923023262557088
1510915985258058126079895808
94464383606508790637860320
1166463982014917539084608
1166590973971493542806048
13359769040534794614769805715031488
1169005791871180852137408
18717069858608259229203840
122818430374611314220123206400
1170100046325647667742560
299615267484124187792122368
299668230179984750112956928
355191129240965164340112953597063808
300320653935770187837232128
1174395401845057748849088
734064136199928820841755200
8594732380374100774236173557248
735223177993490981340506400
17228834787132603458225971008
95319156737306302931950560
735942281023881116826513600
2455287941136242828627712876288
735982246652963081809464000
1178280279624587892991680
301707315037798275621649920
18862466581884208595392128
1178971363404651794305440
29985840621244113849051286964640
2833740992280568823490370368
1180264762016645102672160
6556517873044325574107015457514080
95623931349766145628451008
1180572260680875401953440
95645728895679524424709440
1181251533082642793640000
7105126604979572795116706129071436160
12703057836319108332824755708187520
1533347050619248784684265600
26838829550366691237319659426720
837605115367752345689860047648
95972792575876480807391808
96047746951181926239218880
33866956959346546990817628480
96051218124164739057306720
18975771533329284513840000
8025933753913469497134873917760
1187648456959503221931360
19018495248942500441846400
742961087273995216815333600
2855112810206456422751095968
1721776402958473229995635553490400
2860096263860526984648498528
3707295997766337155629112221440
1413294380190578613359633934240
1192508360180362835940000
1790165009809550718076519332000
5050189844454106745206398868248000
746590246712592558366369600
19122567969913730193855360
1195351260471096879189600
3348703880128787993336073183849600
2875743267517364061562500000
19179844540106288385454848
78567199996616020919100039168
1553830590851748746299203840
46058916284948844096865718400
1199028698862482643306528
1200053154982946016186720
469047086775171550700648040000
1201389824033985749037888
1201571593370297302140000
60864100907386472042123901600
4112842040132515329858913028160
24251366720138939928680602106400
308099978657048096916300288
399653611279517895557859883008
1204625801553887633474400
1204846969877330112099360
97597522734443695473501600
97631955159067480488079680
1563330286496994653731927680
1207190620970692328688480
1208663658960153594993600
4953922315346226199136839680
27416985788535659938875591864288
97996160207842502458638240
310074049997705971079907840
101183768880582120746633272128
1212410974726731863722080
1438203716217541409745757262400
19417353815134634749584768
12137900060238678553620624000
54897044383917526705097593385088
19439130582996880784028288
34729505393272638964088879520
34744100434409793246695834400
1216494589684544522278368
46733629305843111626106000000
19496066838320056272401280
61721245398488554653182287200
762509870113132739806524000
1220391452433167846351808
1220522822639870102161248
46904748613409789831180376960
1221035267789875771310400
763495356693380979903314400
405485931771722825331998054400
1222823518582257436160448
47000270509641849871977800448
1224060662936085229701600
1224600562365303241879488
1587362562012594433860869760
11217493929735578414246361422400
8295499126097456151650214149280
1589617156566410732544346368
99363800905180620835860288
99389439879480844568849088
1227038915356441127675328
1230009385131686108677728
12300959395166460226776374400
1594339068986879516400240000
1230709879909560044305248
769760626417956765050846400
99768191391626854147904160
315324513379645384205319168
19708655146966118303634048
397372242460482604231614358053120
409268838279200797181153691648
100093235919036221994245280
316409546254117408161205248
1238767166313144578890080
1239657471834766961934048
1239923327660322078948768
1861727735072932368539338005600
317687183953975392512693760
100577440215727227497983680
19868302079949412285223040
661078613554574302587669301440
1476327040085125942308936839520
12449633828608390087640553600
719286227335057164544968931404000
319051525091038200883868160
1246476856316626300133088
319133525060252215825935360
1246743808219545595927968
1010149224530496723622864137600
12481333173815721669134841600
1153534646893589371436638250400
19991132308041709006278528
1249656365702680474266048
1250111077380287043287520
1250338479747849505860000
20008251861484018903164288
1621226214208087840765238400
3005004992840267954503000608
101421248250148465340777760
20039952019132554852806400
101482730439346933250172480
1252989334092229695360960
101525422744150670280153888
1624793260872012374026442880
1253699620797064719721248
1624975676649949411385117568
101587314308308269795218880
1254812563285989287020608
11483584613025852009592296948000
231073269261872598122909755139006400
490441432084777378152975300000
785126730963698713009944000
1629152270849116530229991040
1019055243544475977302779318400
63714191038632585444746376000
5155309274527136475593533440
21126963008683394320605845913600
1259742530757515193402048
1260173079139266684899520
63806117804915746501855893600
1260711419803338222020160
670304838896474139604487793600
322951083818881567852669440
18480266093813711064175391808
105441511120169798033865289920
1262475692977272296375328
102273265409767710788420640
63949312671701666162317243200
419151944352829705873923225600
20218967849178819150240000
790215210151504301855042400
102450212907355664858733120
20250810012141080820201600
102535491693567869646585120
791227427513730053406252000
102551532965548485906398688
153916844700357105712048069531200
26270872504363397142010418688
102624106771600956123386400
1267509301111884230573760
330247623241657074515799381165120
64287797007074750897682974400
1269903162343522051096128
120537269464352356859311616731646400
2923403499283239744814117673877600
1271771913807048651858720
44742147764491658630584899407328
1272815518998235501243968
20372044866645955836662400
1140743701304122494639945899615328
582005682848519684324770886400
1650747916102169738210214528
1274117536565041778702400
20387671604688978170087808
1274891081974008604319040
1275081129451249996949088
36448411703481122287692985248
49059460485209749275459040128
26493455783093355504496788480
423895386505933562773172226048
12789076323194184582719356800
357894490696409940253312554048
775535199137295433461466487961537138048
5243974678767963067368437760
1280397472793188548358560
13522659829193448950805740996640
25882147218750864873332015046966720
1660897264921219348763126400
103877016859203402656046528
6260732257673216703436865565408
328502685049062173850647040
12628482168710361141079625330688
1284897333776470867865280
20023953352100758490276225994972230633890572288
104109498205639248244190400
1285443576319842998936640
104136050177413952628617280
20590763498627058094076160
3090268363927827274505678400
805714676878056910887938400
6552063964222587713873219358035520
2508082888328214054378194791823072928
3096016683975266825183810400
65296341184915542578065876800
104475033203507282770740000
2807720342716465092378025126176768
70624625180218309231728376753920
1291559692169819106175968
4019005613836352677509268069248
1292025791553663521711040
1292450874459727769683008
104731109431595103817559520
1293630685844812177869600
358272055725903583147282541295168
