1857596781420395232262080
1161160014052962599584778400
1859487703298519443181760
414316053791083782062767433064754080
144570063067386517237621197967515648
1507443079118577201688275014400
476524259491959694910289408
1862534218321394987447520
8343495188180379205813331354880
1865945700202097375023968
151169889666367101092175648
4481895395166049645572990048
202093307569398303554145384585600
1867752611708126792254368
151293330095158959934026528
151332378368778744139826208
2497442656528438985282062194048
84531007754668887932165578934400
29473939813749879868935021793440
414817843497258787513894211084160
151697845570387816298285280
18746589409982790365586192000
151851950125508333656182240
8443649331322941613761604809073440
1173417058867229713891941600
156849066818099865487161082080
152134044919521580041492960
1879148190844089029678400
30066588954016762367783808
128876841212679542477849597923680
53689822319822728461314486880
1880510435299287006314400
1882527916157931439016928
12358968770782840995090525600
29795133568687126988185381251251752320
53858578284087653207805479520
152813954452723755135225120
442072180941696304205749665408
1887569610654819937006560
152968908482225961885920160
30224951696547567959226240
302330539703057150562897446400
738146962149521853157990440000
53987169161065978305706880928
30271501789393515722644608
1892274587289793284024768
39239546386904939295940008960
198750690860462204495123600640
433482077741373528098619190477248
1183828848887477631344618400
1895379569267731496703648
12436478024420747504548849248
153714328836332844167834400
1898689660233637506607680
12467818523581008060044835648
30465868362622243429853568
30527093284383566992783488
154574033764051164187023840
2474686686254858121393734400
34128773376563311994547569169600
1912046982439848151262400
1912396534830492168071328
1913795223692707974645600
448703998733118526987783041408
155245182311094445462793760
1917756196310494526109600
1199086288885705782386712000
30713240629593526446000000
1097983685917153273916514158901097833600
1920947859091263264907680
1921612520572924390799328
30748681003820484317558400
2490734904207731152817690880
155728902971798025527832768
2493029300475331345490830080
4620109471264977647602260000
1925067843114151956842208
5441062475226188714599347590688
2890056116047046528358897439200
493322267766904251910179840
1205265088340802771872119200
2499970000134899730600201600
30868074256651969596906240
1929342613792271394863040
6005199865270332096153033465600
251720063293721263305199581600
494534898566553613662286848
487009690714969913547920828498688
494687969526831628693017600
156922332158203602971565600
1939121658663330479024448
4656258362859838638200606400
12728256871434776781933938400
31061731586429365449944448
2516068585342239175175241600
1943289455475042704304960
1943736403271949161480640
253330239377806118072802299328
1575930827104394259961399478400
157672581335491079296071360
98554613825018192882307220800
7991594508678300363900686680800
28542720709063626126275557728
545808119407717289074145868960
158081243704599953332235808
12199710289702912352082334320000
19527018392727477260767670400
77962650940365061338166540364883360
158216967908473137902072640
1954205789207122264384320
2318217863750763793325581646880
28642078221697827625631006400
158476044783948155709052608
1958828689905342831777600
12857215440495467044945843488
19605611100666188135881862400
1961040094014328172720160
33347284867190802414589907324086224000
1964079138700484779646400
1964848839418987049043648
4547190414971983847262311396448
31450726654102461089429760
6116866558686959926117900647168
1965919287002404148644320
159374409055699128885266400
159520105734439924076672160
159566323093817905633193280
1970901674006889001078560
56305684693730851998334798368
1971598080746473178078400
19717872717453647499760483200
1972181698738169040083808
1232750073836024796857719200
1972803111870739830061248
31579542035823629225185920
31580747781076220561649408
999575648470633580432659005840000
1974592848361936201827168
166673707038626268999958470702073248
2559465174660956968183061760
20858029873986504287148611836320
100057739710338848951566840800
1976610114716608668183648
384465164262902123340354655968
8097619444361888006405959680
19774863155167634458585718400
56480650876587021755849081280
100143757506287623099538080800
1236871949621385290373652800
100215364530683270630147551200
160477987262960900523273408
1238465486171066399392692000
1985640709692707122456128
29099886594998210095508210400
1988670404003598217677888
31818802249827286600430208
1988840927239949043293760
161098673052660438214532448
31830929711365551256710528
31831081326569074622413440
1989750569718938050398528
2579230585435646865140143488
1990300296570929416500000
2361541634984188387264720586400
29157881086476898618349987808
1992462395860913208881088
1245507207069000688488194400
1245981674815766083894591200
1246339987764168381576811200
2365255578501267724261065117888
5683056883547210258302588306184640
1996012811451140186953248
161725262220437950741307040
1997133980109702054986400
31982815669876047384054528
1999168490934077676179520
32001230665775907509051520
25924550132781807799102316352000
2000709668095658599553760
2002194606642652079706048
29320138745515586904063648960
14782186912762292757306335425712448
2006063129498526275351328
162507591079438871677416768
4819285834435077511319805600
2007398401818014396912448
376208498159787581195130983073600
32123030221426869668558208
32125472806678432841700480
2008638894306010054334688
514380782021004091707118080
26045509510631629666410130368000
1258846016045396709009895200
2015232673670388348549408
2612409145782832138831482240
2015825952041336925890400
163324282475605481863803360
1260518176068047060112093600
2018219532665590068530400
2018698504465285695998400
2698376871862938554102859360000
32310290640038415231878400
516966490133292950001735168
57368031095618860079591539060320
4855615561955848602842206368
32375502712632395052374400
2625460221178634981384377728
29668264544687764128905217600
8310163671132872003090847727200
2026988609922195690690240
127178417583033079843396751288640
1266875088553872911848948800
1267295570571909956718801600
2029411359783635329577760
2029661449578982887648288
42096152855133222396330286080
164476350487308656209860000
164476870104002241079834848
2031316472050153910456640
20320009077460603585206739200
2633873306771132936798416128
2032741371131782298922528
2033627496957553522710720
2033666030738165897364768
520744907075252544445060608
2639601576655011289864569600
2416023474690951346724001813600
61617800292689859008175680149090368
2037830903363615466506400
165085665560214108200584128
521771783030021262438812160
2039896425614424873695520
133725296201476977080247951360
2041016710527980218440000
2420725500896141177276354958240
8361631708272865157283932160
24738644890946395161166703011008
2042118129691478381935680
20427569637141008732066678400
4905472780016784655278711840
523076074313772563434583040
2043548707250942906311968
61347186262674959704327278949248
2045966930391757017499968
2047864317720139019788128
2048561648473781588954400
524503077444672805111065600
2050422067816976480141088
166147530500044985154546528
166214033969244309725323968
2053680850442455090784928
259572785501151375064048467584640
166652827991335013741102880
2057468235299990842650048
2057584853227817544789600
32931699212385541011631488
32942898836976725033157888
2060424084451175552163648
166940585109834054041603808
5569825377894313709531634942647808
166993135711549620390530208
1289244409970889505738096800
2674268634769187572103990400
141508908110055702618297950902848
2064259757942994018406560
2064513061670255867299488
2676692892690545603637391488
1291616957231425225807137600
529121066679028588787205120
2066930361369807808226400
270961819190582617242851098350048
33077517269219251640160000
167495092436803988642385600
2069252184817636160749728
2069740211387156256076128
485100541094996064934976966400
20711764861353617685216662400
2071185275973528613026240
2071478286683671083804480
2685726786674182632551584128
2072689727453310544605600
1296562538883222110242144800
315014485720080506161922169996960
2075720654058014642702400
12047407264299476799129975933657600
2077619117760622459776480
1298822785202302952603090400
168435739799719845621996960
2080890657465420384301248
2081008269668508363957600
532766345123704890303705600
13657539829040724336648683040
168716268697485195846780480
20829211476219109949280758400
1689191820179298394295443113600
37242879708193833461646861912000
2705301557402123849116768128
1305692522372336922227054400
32911462208617098611252040165600
5907427161386029401323745891360
2090787475482630385842240
33457557100379666850000000
2091574446403139460530880
2091594123522154182550368
169513712370274501807250400
13734112601942944939927539648
169667369963907479502493248
2097266914302283197360480
170880711874436526338060888282400
2097996545909100277961568
109520340360704598923002124493600
255181029576462539874295093231200
175400665403789559687595139520
43558695632645931149723450880
2100680071106315531397600
21021620447514280847017564800
330825942260704003336474817126400
2102773426738398729588288
2104611338220724743210528
1561154264116480580455179361490400
2107083547000014264042528
21010491411615045970648530434638848
2731026032023832979417255168
13837879126851712274864329920
221686982968066943784298646400
1950554270554793604738733371360
309380884548444557382699796963200
2114017319267874638152128
171286285795265835800873280
2115088623117045161197920
171401483782459511076651840
2116120633826658884426400
21164690226681123389009030400
8669698511437090670144329728
2077943628173012395660933671522240
171488858649179565819866400
33878817161399567940357888
517006715568179196127813353000000
967755664184849198447629271808
2118304977800469873825600
33905356810453597485591168
2119377910750727711924448
2746750259166154816518230400
2119437530085175611550560
21420732494272097390920563128246880
543158132607164584823639040
13932842904352244650855629600
2124350505343643781968448
44054161473821342426951367168
107585697836248001273939349600
172238004451523785592109600
34026492445571840514443520
413752157422911454708300547808
1723805653430228226333320476800
81981887833526880314286325816570560
172668727964838160802541600
5120458397138083655344973760
172770604255323189275086368
2133143487771153808610400
546219580302861983334397440
172833693117834584667319488
1333931234741591943269263200
5125822769619071322816686400
2135380965983235534737760
173169378746940101460786720
2770936900627180777398039168
1336432699118441420097652800
2138360339019254285348448
1336495218249318116361403200
173300115167976572301240000
1137342757852524069770332334688
34252594059706120536842880
2140962337757373847176768
1338309227419661231283664800
2143025606841394464191808
847217985190685860207954905602208
2145230744483250636689568
173885011295605478813861568
173889887126915290085042400
503033576669595364995473477760
2148802662553200884831040
2149826898878901228425760
129171386514990524522591732504752800
2152338830546181579677760
34441522739784207162993408
2152861588759631417089248
61516290628168597539388293600
2153967737215677954664128
5177405643990827701569450720
2156704770825600255086400
1748032268436879144953562489600
2159907991640498413510848
2160613582040674815035808
2563492472587123305585251640768
553495900930204542153937920
2162852455150258727301600
2163175319019979073649888
2163599132703389940077280
2163760601914974905858400
34628486276884626106627968
2164285439270685210134208
2164628653776137328167520
34646416570631467947657600
162031978545557852523910131000000
225465443513538848599522251755808
2167678998031035547353408
2171218197121541135222208
48707279541420694683713199613437120
2816992580124561631520254848
77833591709136224153453905676104800
2174640164063124257269440
