47284735365911894276609568
29565252960688930438649272800
11083567423077956149443316022400
3836192354056021088455185600
310799782386591047037170141760
1137777245452727754239039260387200
473998902993152854282409020800
47436290601934577851421760
47441403246324606342872160
47450811591800793216514368
15749863214741364813778486407168
695471959496412707225676607680
38771446259641992278131846467758400
3851452475210801890888411680
61624412237023484544455760000
3853488379147209967104230688
761244920828579984913623808
10114170137448603163301614635031545422208
29758982369296455617172098400
476282054730686005109259657600
274680022078209307183186958421600
29780136161073136142219361600
47666153325463818882237600
47673337140663807017757600
12207665424602608571363397120
763097762234684606188617600
2416503284676748768735434765600
3867651340708657937487095520
61937238515082341031380688768
765558107924713317725591808
62030037499409806871983757568
12275910149995669172258385408
3884958930244837811606031168
767547492062049657245400960
3886918991406036117945241920
768182866046262419349717120
768248901541291971446357760
3890228276308355132654950560
48027784792770788688884160
48028404016736263123581600
62248044033382046989356230400
15944456898020585206952694540288
315360302199672451416289864128
439923187006414552625982788944800
48083538935090917100823840
48095935333796184183830880
12315660790628837525357760000
48108954131975243150481600
704682614822774997639041225568
2438263046953157169668923915200
48185260176226859788104288
771037826972761360058006400
149968796425145861973791130414720
3904844419186953868527517728
48210301693034549258282400
3905297120427900410195307360
1377067678524137412512347808160
3905543048710947732472285728
316349288773905684908220962400
115798380598678656232289762400
48249021415596044213771040
48251714027786560230458400
3912338612812072243452091488
198091364979709541087443074693600
29703238463206036131802818628608
3915014523223984931094746688
62641374692570823746505662208
2448173633796361388465409038400
48388979185452980002770240
256934410264594564817651804160000
774993623937362790768009600
3923987142971728035070142400
48465410218267814044814400
12407324569846583347008127488
90857500609027215936786164394528
48495342646876490295897408
48506778829993012441889088
48514057454111854071068448
48520712912964835448033568
448158711931548411396500943654672000
48533401778225452659405120
48551503318053807771551328
62928569273167413617540951808
1387086421082254598218418212320
116656834245022403743673105088
62980368988416998785323022080
48615002733408457356220608
48625418413072836375357408
3939817752587496746126553120
19010871745110082235503779780000
116852919662754794838889254720
48677313421079414945317920
63119739186851487985030773888
16167782651402822189796241348608
3950208278286580989942056640
63216705153179315970688262400
48781436872133276773858080
30491086839065715122122951200
4687761044849236305018289933426848
