2595125981480809045007824800
4157818681715487444653760
18619992005891083362620100000000
27301620923837415917548833600
1065917210665032443141698560
4165532544864834083736480
160095299732190088805056129920
337594326748746838245921600
66733935053279182083360000
4170912215788045354941600
4174975170367116442294080
4176264043841315096201280
10037882144638534167104642400
979403022346023923754711770880
250751757444862745947202797037568
79342011440248534308672044191488
1387388708153926884334913034240
4182150384180203340290400
4183109983832406618840288
30590498677191885365767483972608
7033539804961331243908440511488
4187711737096515575382240
274503332354533922972721758208
339578595142024711849342560
5606043465162850588697817414528
340037949421635559913534400
67200070520047188757574400
4200045898501227073860000
2626634762628122425422952800
13080821931475204473689697590400
340530952013870772650090400
4204728056873982832111008
26281421144546113572891311280000
548438468879767029268951641408
4209380880526750585116768
5455598209406843036369921280
4210278654785272277889120
67380554640569561630287488
10112586500269321510752370368
4215002646312577407240000
4215568460920751562640320
67521152721251845290280320
2637548151133945928830660800
4220097028795583214027840
595703508509521564785248712091680
5007605342342252627522732650848
4222729268652083688818880
342155364334636717706355360
120715384756738569443740860480
5479942244211801665858452608
272624382355547853637565429301249989568
408850833782084107812632541667468468800
4237479209121077802193248
4241390064751013370381408
4243530481254596723349600
4247545945611972811500000
2657491467054401602129665600
344462634930166593136797600
102130903763143284284330954524800
1089132763369353950654980608
2659581665374386155750426400
5518370960840524734483782400
344943234298116876552451488
4258603167152889446337600
4259206908552046770502560
2662310410663925994526884000
828610081414388612660626145568
3015101843566093180066903260000
4265885883927727010310240
4268606709975745228811040
68300798472009860825577600
746711883800642713034644425088800
4269581149215456857436480
4270656586118926131732288
4270690196795452253342400
166387597986413510420843570544480
42722886134794679687201328000
5067871384791753591869169528768
346273605951878444483442240
216639388866784933784048292000
122233098600746919745304654400
4280344663105860663639360
2677122360082352123746490400
5551891417560545877253196160
347001627382353952168156128
68552470622299800753926400
1097671025857671758972720640
62788618335666495516357960000
13347141574787581875975135457920
4291061052818916066717600
5088960027254682255334571686080
217301798726173506104046064800
347893900985099691766466208
1345441487304151895049875242106519040
185841123617129157360784469629440000
4298655550583605656933600
5574972689120029630778275968
63038771906370951777786208608
68898132786667607685177600
2691361847520020589993794400
68926545782284486349040000
4310692321431722554614048
2336316743738410280675927134258025088
2701204263983195264674581600
43222608726682920150449635200
2704168609882869964439407200
4327436885746647510129600
1978023774039187106955243480960
3506163862926633303824324784000
454544429659276049711400908160
69280140891344103649859328
219229705862008592823317044800
1108896356287600920493106688
284073775598116585442829189120
4338037504052085082294080
4339363949398860764862528
69469425489224254087440000
63574199669287023625410435648
351814630157895537075437280
4343651467228942182433440
17827815169679235888778893828000
352179635995916777610914400
5720764084777211686753877225191706400
56377808361216728978791189824000
69604281830109448517673600
352609364014800029071814880
124371859922743548923262842400
285705925334552356234331299747200
31874070753950779120900279211520
24947347093281305563111412373180000
17868485622510549458059130880
69802972605654101579976960
286003004333527024272642662400
353638809759391479889566048
4367699802929324835848160
4368383478492887647191840
353853830248314534292553280
69908221263552982725093120
4369306567815070686879648
353987690769791749085088960
155123990398131176697800920637961600
13608442737805186168627704968448
1119861476987165026664076288
2325510615682521567087699019968
28712037199128665148268856928
4013773968897817863625706271056640
198094444224953023602904734000000
4382210918457920510564448
4384095902480257343479968
3555186559997445916982797564800
73639508488976576594237714595840
1123721158122393284416700928
355876852617519376434411168
494656032806702041723586394268320
5699508334295668691347231488
4398819656175371935754400
88694385433317502448255747840494142400
4402257089869428852722400
2751569712499136289080829600
4404733289294549234582880
21495621961759374253153006606368
40312518621219750143855616199200
2755547736740111703608464800
357197808506350780998263520
1129070943495856277096471040
2325191606998742376453384378624960000
4413373764803975482785120
357507459117148375891260000
2529269239596671190144027512698646400
18111412412480306821506705408
358218649537001708211360288
1132598732498394059818959360
29044948774282996429565173728
29085773167979601988093740000
577991255496962212095994802880
4435774004295791184408480
5888320572758164448973404638032375648768
37721601741873218287355420784768
630714022895127324627358875307785600
2774101158991137508577304000
7103077544674734890029569642240000
4439821314103095231920448
4441586392565675362260000
271117649864840861413706892485448480
5761206014863846572799095168
360076077322293490175204928
29171591430400899566199696960
29173611779147482359439567680
4447508437670131641076128
2779943988388691165140125600
4448166808041835204286400
71174688761351234226257280
4448651969822947121442528
4449587751047661913817568
305609520178582269236430336118080
866734966204429214964617679168
580907689687825132109458663968
1247676836825451090170611449888
71347841586036587677488768
2788938281154270503262091200
4465032090365674514622048
292724053075830182394306478080
362158574847942244750263648
4473204293399872816603488
71623760291475530520082560
716305988547559839206001369600
583489928210537663694351086400
4478635436866777650786720
71666387427839376123426048
871310816596285776467411987808
18356843499215902598815070208
2801333424923975911896645600
58088679499714619416971491596800
4482677184374186844417120
335407111331630694670307402751168
4483966937711144436117600
4484908284699931830687840
4488989167825559174184288
1149229238062634020323110400
3175877161626078902372000913888
71855792394588308081001600
44936472152504828382650438400
397878265503991470198639804618048
4495168104138202884316608
2809947246235838140895064000
93247872730483951463144924160
65896358059500067681407392160
93334838533052793097848261120
4502752111709841491536320
18448349347966130263882598400
4504990701092061682568640
2815741635857975103521407200
72113022226415458374240000
4508035121968614781718208
4514163630365362583527008
15439198511980115690902733432160
4515985876482028915113888
1596485611571856521905781724129085728
4525351099836834686660640
4527598109908706242444320
93889037922243679380786393600
45279685958034444833135318400
366831217798991994392019360
366872945638743241377877728
80792206418391035384473658905005381600
4531708088260323870895008
72515060515496290394363520
4533641095925165139854688
5876802389746293345024249600
378946527420526350820933677600
121936220567573367979004290560000
2074015254794168206736924142720
367829867852344123029570528
367889737580176285971731520
4543702706234565909000000
4543773126058580794116960
10912945008773521714286639808
379896251911481045446876292928
30772937953714314237969375000000
94326717670952076447019545600
727901410170700538349280281600
62997966537576893943818525262240
5898710771461880960596985088
48047449040961928981872371046720
378855760449811143169460113978500000
1166547997539931933482716160
4557450062308558277786400
72934023748125792645993600
4559709014843283276695328
4561509718777342122369600
1167776998867091783763798528
18694857678306314621691015168
4565748773044868079000000
370016511436926624000060000
1232680661888803525048320522113404983840
94726823163940649286155865600
1169948193375769582792109568
371229245346296756188975968
5942688269577978745970553600
371478084724809462529549728
2869585900699818224704852800
4591529069549888664440640
6136181968049061463757242761600
5954282678854487187758747520
5958210072433601453095497600
891668749752863245250107566115968
4601438036059081602242880
2879352608412502872034812000
4608586686896238745984320
30245706700854459145009394400
373550205559335563017699488
4612644845496327721479840
73855461444926654215121280
302690124079475414674453340160
4618808398068140757969600
18929820046064914280735078400
