475931583555442936925178490114848
82570747625326853441887705248
34404703226209537426497600
1796135835358210717660384526354400
4484963990861060244641300323680
34419170254374430201317600
79628388591869405493792774501600
82651843209932772032516444640
3615187625518390332239876842368
44654439097627090613487537408
1715830190454114233837731967067648
34463725184092272505263840
34484328349864317454860000
551876131204766553499932288
8833816350752060033786211840
18340380773116008014723993042400
44729868024825387661424246400
34689315586509396521398159390034688
716573171205923968143574295040
9674457510750102667132174473120
21607335496018195939320465600
34592646568777243858211040
34617343926885672700440000
37989568852508861467328578218730368
34626225292737484569477600
34638985153775130820015008
155098863811521894602461664338560
34674052540032218991678048
44968081630431821356822849920
142161085103250339387773030400
2813096780488938600167303520
34730345218333974871023648
555699119772890011000249728
720432923957610706119656636928
2814945797369057462708367168
2815186280221584662171105088
1042624094199096216074053550032128
556363699072531425827515008
556374067600329468782872320
7212373316805085178928904817971200
721319642264553274029462617088
1336450382641055852497899398400
45094266208177233046040160000
142553693694567274769583360000
2819592026936155754461709280
4538138679528954338093502405600
2821763986729474101194059488
2823696157801716324418737600
557815405067334198133741440
342935216423841112677647108917248
21806139748568104674062541600
8174840796828667593193313009280
558398701651617574642527360
558502677768642505222558080
80831045368856420338969270866240
2830284376745512321528987680
34957014881224853224936128
369076984887199868464331939446368
2844810195749804081298394774176139008
297535444617939421726236503132928
35002579311080988170211648
4563894341010210814472142049248
320483966265641718519570419320800
320585628215265274518815196139200
21908316103941516778957428000
561075499795258541448587520
561158978397184299495517440
2841839290892391044409554400
561482545967237962573545600
35097593876542575845114208
143790109412108039826452981760
2301840636801662368441482485760
2846598128834568897405794400
18677844978607770505665456732768
2847272780551678464850930080
3691149150473313882733725966720
2849420999742949633898901600
35202611138891834428596960
2852793550378289511027665568
36944596204876882862510502739968
9021347741528776010330408448
563865325308643844865463680
2855696160798667923873716448
35275591895545563081812160
231653222531852327149944683808
22078437487615941909740155200
59354662427122153736230440053760
5655455842870328511339602112000
517538802912513131026134966240
8284637501838172911812834177280
354038357207685207417843436800
11764721938891593937376746858017600
35427479294726991647286048
22153820883795726721117236000
9081148305248186363244618240
35475311778450563354414400
2873522455675982946733500000
135159121154828063995396675954498414560
35509201842919497710572128
715667935757316655048363528346400
2877120817170336804855902400
736683314526281293812531491328
6001607227596645296148358226198400
16241898057607808803103751371520
46077735975468427549414389888
42168683679524267065541601226560
18901458506556764791086596940000
1015944644254604961769515957600
22235103029908403686820527200
145757077053112007397715906560
1367551622025104975202443145600
25207476589852999121846696257728
521964416362288221202250750688
1804883787639285112288883592000
22288176961319118580539681600
205754316175215521417793387130560
178295788153660978267577855454864741600
35693057523625938811003488
