23394933135745755656719917034705248
29446967658022885318872830880
247230872221600572513598956493248
12271399142138479038297888
15011879504278849216135677392444640
12281490470522292885060000
471889961163348067333143013248
196662734653470011309961600
12300428485208551509861600
12300502795018223392049568
196810125408009208231107840
12305705318432749098330048
623038300362164535609648520800
623289232696193986079260504800
12316264078113454677485280
3153370638611113815829785600
197214090974520308986289280
15974373520533643126235372160
12326904060597036900950688
12327797239677995763425760
31568477480253999403928950272000
123454437487257764864877014400
8136004251446319946603649206847364288
136178802260458092210328393958415360
7724412042845790362038082400
16057857557785617283686058368
4112895770149595278290912073728
3174141048547223438785059840
257271071079978145891684776960
12414442097913600525995808
39833313588938580862564534333339008
476940618649099191990361271040
12433308899787103364337888
12441850942491837399960000
3185183394983630285737128960
199087903387564088295626880
12444324460322407344090720
12456022446764974604707488
12458122958029119627268320
12458723152896892243260000
14776797848943887631797545659168
12460974076800031486017600
12477865729625204829681600
12478316408652570549768288
12481396375423356277143360
12486656172945373884606240
1998713135988923513924257497600
16193073530503688146377678720
1012523432027168599488302400
12501091579506964336397088
7818514605383740799712256800
357698357852753152924212477408
199106367111001221246441806764533600
82264986039389151765678069600
12539270239074383134696128
30107951493326834115946950720
30115554832165013071899480288
66590684363053874676290507071488
16763881203329632536740210321280
12547489682414971583613600
12557901745862928195026880
1017194116974624799417752768
30154887582925106266651827168
77288717717903844260441445204352260000
3218314148896601898493370880
29105923242445092615707804305728
12588269474073777586533600
4917809058492295463431639860000
261247636148379380892956390400
12603398296994817937365600
79729539078247110109203287375011968
1021803241456479909194093088
1021895256242588211327475008
12618616498944296914247328
1022318604304528739416816608
12627026485151235355104480
202107915772318913309106048
12633469406230277240721120
1917997259815251475386761850926688
3184557596614858150917398245004928
82916770072913538907902321600
361150426130508094060257351360
202340891861338742396438400
12648866593424499110181600
12651826284649677945014208
1024898343388644010682598048
15019720157865034264452041027808
1026321330750118620333681600
202792856150798641455568128
12679019005666090865831520
12701763818104827926906208
12702296671677130186455360
10298699586873615486716125257600
12714556931743871705181408
12722176467004999260175008
12722938608842075382495168
203572810211448570645830400
12723472128502230955393248
12727969603815675608786400
203709426378809644330084608
12753299666866931646085920
3264974210082133937894177280
12764068744226126344588320
7979424496597853817802735200
5834269062163838565766895798400
12770564035331868617791680
12777214723633197695589600
67828999211002169010987028881408
1035082391953066567589489760
7988741544993299725639569600
524013660144543325115766467174400
8002134137113711658537947200
8003818967978872646326305600
1038058621452584067522906720
1038431100913038233262807840
84127951749616148336713466400
2018296731180969176472665752903680
12835346491631274624787488
205476964503832649866592640
12852233297820829336346208
12852694080371374495358400
205688266301767832362660608
20578983201763949667402893548800000
205825330958548260137426688
40039422601897048183339835276928
3295416648540021883025702400
128857529529172497194308627200
206233857404795308692167040
1044292179869561451336183360
122087201005876591074637241672109598848
8062618924953755810140653600
12904842365904011547019680
206599214855412996884550528
12912624327303983882772768
189117440252421455645801937600
3307079683462198119833710080
12920949525896466954900960
654554369738673078256965348000
12932827604348929542427968
3311191520295811084666406400
207068173365697877585280768
268398305939087901808017822720
12944713870454281877402400
12955217643818894707520928
1049574980180312757073742400
8100217674022567143682584000
370191544727590880910252799968
207383934808553856876069120
15373564886508159771220654893888
85059799959953016490630010400
3319886854624489820317928448
3319891802829556126247040000
16820713265898694704019977600
207701295225307907735289600
207774964960165902686322048
12993502272036310217469408
12994199140640219883060000
12999542731228210443480768
16850678399477243657783879040
4853856020128529032289540921409120
13005895228159218166676448
3330825976150993546158113280
1054222483972702001151475008
13023880758587737187092320
3335590538407940668448785920
370076738828368901191209651205728
130358724156786488218027488000
13037304518894514737638368
1056069871340565563008859808
208633202692225019786085120
208768008154630850138640000
