26916750865370753217662880
14308252150018185244879707526848
2180834448912058181046487488
26924907314667516355808928
1363774483825029267542705512800
6896666960656609686409566720
2183109978150964987762236768
965290343131696643567990600398315200
26961835075386450678597600
2106354494448314116543036631289600
133110602784911792694187658287917600
6911199890386096136169980928
432207590021034796088287488
27016895709995463421456608
27024270314071300607771328
40569695493698110589450334333600
27042243851217856243701600
560785642788803039643622118400
432747281452430315005961088
2191907328631269891756660000
27066267263144557125578208
433099479621230387109169920
433279957038586805438006400
27093799767681770052456288
65085261869109438227946074400
27108313142092330004382240
2196114517180252075014986400
433968006832203571554000000
27123235740993136580615520
27130228626805758339194400
16960797919866375348540444000
434372618033993503174050048
434399530402065873277035648
27152291970219853988718048
35205869324857795131509682048
1043588994280012257999340137600
434692417793527662722405760
435036103080324992273301120
2203244250350095103883963840
2855746028220914824076544236928
272059660190425428891549993600
62974625249380543227164246270400
27227596803264862822297920
6971770946674528912871635968
435830913914996860072441728
436340509719834505376878848
27273881001855745385763648
27279687553808044349681568
27289277145577448592866400
27296707440241723340001600
1381946886472880272384670846400
437032200705386800139467008
12754927961195607928982671077080160
65670086049690478272469381920
27355121804355263396688960
437723631028266392170233600
273599194567207527503550624000
2847169329538663145594701008845280
27367032511473729866750400
1717081737265922740811873887572768
35468039638104012554448758400
3468056580499321379079877148510407125600
1014032343159175804525227982158720
12522539089280045306974744318080
9100498670814421458013970700288
35563371463154388887517047040
439450909694768757301676160
27477526811406767783265600
171772725605196506288081258640000
1802231172907073506103989198848
440075631978145231327935360
2228536922803391090594134368
1393210373444183362352270702400
440424679565944762300579968
27535959074896048081034400
2231345500499637476540752608
17217846612888658456048999200
1438090784251612390025828987844000
27571063136127432976380480
27583452804546642930453408
27589308715768663691811360
788030910275747880558416832960
1398229921710087510670108322400
6442665559966639712567503182488551666134313809600
252749061926530961521593597940800
441958157903083633133688960
789245009118103329327420250080
27648191948054884291423008
66389344929068430003309933120
2239717177836948813586970400
404930100549490710829014840768
35853025825390109562602000640
66442142914350796658715249600
27688182563261343689849760
443188476638149733945296128
27704300246303863339281600
443329466486557355214693120
202734582907329729477878269936128
37054308015890492478298788950400
17339330835791306225068363200
2317446995913056973402176126400
10840281102986473447505331660000
444063374929648282192220928
27761999039437219522401120
101683057433533916786333164560441600
1405801288854057734519082235200
7112025333177649294349718528
113792440378582727785468569600
2250577139706153653840972640
17367555456156710339077989600
27802660959518696764749888
66782290729638603829217524128
445116058389731975114246400
160416240687716412587627031902400
36072135705890258054523888768
2255005467534956893330860000
278397953518367910919437110400
7128871951457957855888286720
36146551700888914413641385600
14843255464654837964716025180448
17464017595107246269160770400
2264420183264100699848222688
27963003850049640745039680
14862991294063420554160675562400
27972084975394121965035360
85315368681395066519665744037256000
2266727356559617525877954400
36268663517811593623947150720
28007329664205936247410528
2940256093247137007195667972480
1532374213214182054498798606781568
28024551081574096918242528
7178144341908552356307844608
280543215127924232571947260800
28062190269812100242756160
36393022107000282038453405568
1033626078791484114949393863060829440
