3345249454491550282950218400
25385572135879619398160427133440
18881948362217587529406539882880
3347355022220395342417453920
99230522033912292195096540000
25837570342656287112464769600
62053580693108833223854694272800
41371736714885193425941728
2160140256418670363611512294261600
3353632816386610097020306080
662471349052707508314000000
662851106912425319632874880
59907539507655174659770821408820800
41440065441054294321843648
663157100614255278580706688
663442494515384892463908480
3359604895915551354625226400
8068516149268456631010636707808
3362116845145142049120413280
664164523175157569258553600
23357368869275435556135180557330688
41529204360997419530331168
53824467476011722522371273088
272492000033963308651580302368
25957673031224658821935252800
664839738182444977889624448
3365759923479167591892443040
2104945736739327536460720919200
41600137135610689208366688
3370306673811296609255083968
41626459047002231353320768
53950874597198912559064239360
3372919760299534024842879840
863563123365427268701432220160
3373550732900825646286724928
26051504213769119716192917600
41704942714054241494002528
10678622260248764080870886400
667759731470012953353149568
3380813282486681718938015040
3381089179407721373655961920
41757140933383176201902400
41802877805792122791809568
41809016096788081410734688
3389313634367398603054640928
3389806171009372602885375168
41853864719907961014417600
670067775524156054679849600
54288726934603292196560748288
419195184621500033783027260800
3504648796728892093140776030400
671500839023565153162615168
41992732848587489641560000
42006545303415199341260448
42024282503722110058150368
1200898540770590232752557373088
63107512392435314558224616008800
3408304986005356118926883520
42082574723063600130665568
3409849543359790952196003360
101147316341950577321603268288
10789724255498122271696586240
168969057167543821434346140256633905600
42177616141309591983216288
42181173960273043910512320
42185293821320770219413600
26371965786206811269413137600
42027158793124691230500515743682090400
3418171914971766499619637600
42206084995801291253983008
675352065601675104067267968
42212080274790208582044960
26404173757124090301873909600
54765743826737905550312169600
512124761106105273180456781181088
42264003606405642722340000
26445794932197679108898388000
3429794054886093598709390400
2779314111111662001448015216348800
678284043781618429447214208
42412163307503743429236288
42421565495023522470197088
42439245839496284128384320
2149386613501799748456217202400
42504560503206266748861600
42517933884158908027230048
42520948039471434631770720
3446979961880371485132970560
3449270854735051531616177760
42602202168098410382228160
32365239289793218366082460180156288
450073791988273557453729296835360
3457986663305114420701965120
55351319815203601967923305600
289052997039996987601716001623360
8007292466326049414148716699446560
