1412089128590418006223809600
3392118493487073312237871434720
883146149351339013560076386400
2791848487927737849048551232000
279240063949442079432071808
17469295119591680948315040
17477127063016630666806240
1459848245501469520825550256960
17486703014261581261208160
1418103309787974874382326848
10942534434527083252442056800
17510805377922208351225248
17513420383740146612862240
54021748399845452922687417052282304621568
256532354423252637106354911648
17522914347223108959853248
17533866259218103561485888
1420319074327732667326357728
885382054662247235286948506538154368
280639978606072112731662720
10963126437651985521262884000
1421143781024701401064977888
10786565799275091443119569220608
280944969311631185720390400
21022756443313119320457853642843008
6866166899733976478542445820000
17589771735288870709838400
17608533819801734574013920
1427728092848467452329934528
42321203871331030804217912160
4130796430103403378010086240000
17640064534243422972734880
893351388895933748867178962400
893392483918866527743175714400
12482166967121650998779880078528
17650973883099379391902368
401016455400232632682211905298399630400
11037547105948579045418268000
72339326611371454643639654400
17671637575087145253603168
2305089708377247782274844437408
17700226215644969814558048
16327340868116063207608580972651136000
401305771437025731308069053510080
1434150683775231072741338688
17710284382756118133171360
29638001644855401156021733661063460000
17738822101125110005788768
77638707336309349794130301587996664461248
72684830631210990912787888128
17755060966892661096062400
284087629877053563117105408
899250647086613533550995648800
4975374600718551664721203803840
4554229972317378518440880640
683600202444361449549203462400
284814837917922177405466368
1442474158526762897430288288
1393082856680335495214396841925248
17843788303844166418910400
285593741174611371428575488
73153984883406200276541739008
42919769212683498961202623008
1493085571944547730131940726208
163634894948572512155500212849600
905394570088298033999268554400
1495181546978368291066561973568
28644571833992861903687977079040000
17908409442329273602643040
17908507933804369662012960
232118633380731996959241829286400
7012859952787735507830400775428994400
286626355971047632566101760
95114012601554483775635186270208
17922990600499371268173600
17925750199302997064465760
4590067662720691205175360000
1882544790033819743856567425280
17935115498660407295129280
1452938708517678460580700960
17941229567429001602277600
117723048575664207163055510880
1453828189363469500808829888
17950699596582292256833248
17953363717623019980534240
1500781117487695070002845875040
17973699738019144242019008
407449727666438082736686678285120
50796220793838362937053260064448
17977848036250890734794848
37498002216501137256439894869120
1593013748067576090917422087693248
373137921031711750995944793600
18004730591769198437278560
288148873788905867476472448
118183907136379664195134973280
61310471520823416674140440085299105844608
18034613442394863065640000
1461151249783792838922657600
1461924126697905104670406368
1895291313998414508606267129600
1464041077619840908469150400
18075837466033547327865408
289226491580607439560981888
18082285098093733661842368
132248985374190570074149111557120
703406676586027698643478503889318400
18982663031725677105199297167360
43476202492097327725681460160
375900341051435906468182095360
18137905399586635480905408
18141982635089051634413280
119056593375284728813685481888
1189960084217804915014100656128
1470779182300270451273058240
290740230898084907795318400
21560935799435948930763088718400
18180900084338991109056960
291422710285646744897334528
3543346584858142398687894230688
1475982704895009268141356768
18222973280808017485077600
18223073066966895099131328
18225268466145997884946080
1476252134716330209931707168
1476467705130530240702534688
29840829167189617029617909205740561568
18242439334701633837458400
1477950390901334851811085888
18247932578735892047217600
1478460153357115056877140000
11410102986625891069600984800
5110392883653180931389293226528
521617372447783368802993947168
224682703463698675054614744560297280
379087204482181956046941024768
18287820721920361477301568
114333908044816480604766991200000
2773984294708011315596621090607833088
18305236012756579998878880
4687130519924999668681356288
3561626864555826173706346574400
18322463349565399413074400
12964553484022066732921112572128
293477359042812214870773888
271104015548810931695503358302848
30818230428320717488925515089408
293702843882385486762681600
4699646849110102123337126400
18362172511569207359040288
21780947999962892524785486379488
18366588621471654577173600
