169022603285005256778146400
8557775279335166197017307089600
2706315995867268594767978880
169173804078890768298693600
169267758780155702679915840
169330416985635824409722400
2345496418757467126592693399142240
406742880688539618879432704928
39711967091316000796748994000000
2483667455150183328034712658240
137482712635220410163126539593600
106108073222846513711250103200
169846148156479618021550400
98106755990874989469367936318718400
2719823671378909930563303168
2720096385012528729086718720
106282848140904864120493588800
33093466432077992717942734016448
393801010939279956608417244028320
170226520890767809143438048
43583807720286969370517449728
408997416552112691227710703680
3233528742927283796357021329135488
220879785482133192348336501120
170456438652795085236801600
170507147891641354324440000
170557868443798963304469600
1930464958612192772990794337358720
13830100475060536709560404768
13840621919730460518471732960
6762622001621684495002798398391002240
170972064186022620469533600
96166619206387268440732654688164608
171157761292555485046125120
2739545805771802269281270400
34342610542805232532274440933140000
13877168783180120822107978560
13877429162326297083838677600
43877184913550094637509884928
2509720966200869147183757981120
171525319387038349014591840
4899661573591876928584871249568
1161113886347431173934227876105408
43969488202161698778472442880
1717771911691042030395200006400
171800570895872833105929408
171924085504531332066695328
2751217273981250423919849600
171993390234847835876460000
33450232770734961071420637700320
1691799311673244711048456394649600
172089054418409359499048640
2753487227175876853821083520
29074871863760973418591179833831040
172167550332245953431126048
27548724591389673642489835276800
172239080254487921378834880
3471021838263313165005817256040000
