1477345065687860392735564200480
3603128098152573610494153600
225281512117112204248974240
225334147426953090597708960
140934872157546410586772804800
4508127651024408104248094998487175168
2735070703307619037845209739000000
7148166948756919277090322144840000
225980338204580650881798720
3616025680758244569982884480
226122805235925731575213248
88345591371434034317942704680000
3619155175364157898695324288
18324783866035182021703584480
3619873187201436505951491840
18326708397382982744294674848
4692666742827590209136751456768
1100075981086990495943454601353646080
18347888248679461452018667488
1486491992566686104617505653920
277150002258869625952570157041241568
226703922855670919570939328
2747337555008085289117622336049600
114837253311954732918497044199280000
226967775600933811195916640
227000856086502484470757440
29598629483821830438920522613600
3327653473671055060223323500000
18986681627013448272429093597120
294731483984232948731308089600
227435869688963262153842400
227533949843293004155516320
3642349030184757812021789568
36423943835271394318041988262400
227694392487991325409960000
10831662391893969264254505059070804288
295163345710701281781263657088
546870087520571822224226657760
18455854394451788954437976928
29702023082231582509317113031648
228141028269461877711360960
228176893769646609514040160
228295147029164788241793600
228331030698936967713751008
342674072285937722791753920146400
18497325619494128378656365120
18508148659733134534022685600
228518491928816899468185408
296218212415372892356077881088
228618917544497701668659520
256473353625430366642201780839357600
18523502902307864090474460000
