173506358750260764146917323360
173510975508175442415653340000
7589097323795161957244077058688
11580809436660411473893097203200
723962244925057339093176057600
72479643078387199571712480
1502954147741486885328077913600
72493696063883944510591680
72498755638885933136340000
72538398139814694174604608
72560897566460853403172928
476442066695796990062116678080
24100277894146180667459648083968
4769725380582329972720783566185600
72701355905267985191181600
72705017863810014554464320
5890140897083596466732498400
5898017832356290131840837600
5898299569462302759842323680
72823965823744419759789600
1165213913800358660072709888
3686819882109738796105278372000
71519955079266310559684356233672768
94436376291018665778438633600
59047400131298711705383452921600
72932329605059086454611488
45587718006066475076511141600
1167650439207362172922454400
18397993062851784991809555277523328
1168159000214585323031606400
299439636224004176952637035864000
1109118896482627893350505269991417120
73111224460059998434268640
94814271115218077324694645888
2571790448955526095748618350203328
3472146244009707772018749676191648
7680804369087797975212875008640
73175741070149517412500000
731920326017669087371544659200
122960277282591561698340528614400
73245965503789189242924960
73251347685221274986466720
732543363403692819648962294400
274644152784011559812220304055808
73281663403822242483786048
95007592165634450366520976128
5939457424847840189421286560
73360755188414136008005440
2819066145461764311443600699520
176203480149689081107936589280
5944488007946356899281829600
1175353087800609560347142400
2823072193916003410303907900160
5952833409090386071895323968
17216610380097970826398733413248
471603979471975061435169628690982323587091200
5954551091181531579258550080
1223981580046520487410077072616166643200
176528007193383652065864242400
73527368800690188816938400
73586475399016456305344160
73587612413492359056257760
95374488414532869375647673600
123628303000828739675067720334848
73609218192148121851969440
176742852021771061748145156768
5965533093552597984228990048
176843225557433086151968829760
4833663982860264170098346707478400
5967952553986130762235720288
73691135899588254658005408
14343936657199481412602711275968
63101452867116007992907437682983360
73826962479568810306879680
252638928468623656304526106965600
5989414201011988196048929728
1183534324770537090180635520
1183641625642388170754697600
252932516172667953882469112439648
46244268784215036905044754400
46260325897723324337971761600
5995378320218489552852507040
2844169340845747370388275468160
2604889611341387418380887177502880
303625461740394614073506254848
74140047553802689552766400
741486092588831454510047452800
6006625153042508470949709888
18987710954930891396105372160
33906488849448040316377856156928
6013436469578445391786032480
6019843768930296251181462240
1541328187279042413530398056960
743310538040236333561625299200
6021653269423153776650203968
74376158750202472706930400
