632209293830320262495814232544448
19674912352401694548507601580040000
10499468317141082115901442400
1428483388884924168093284291500761600
33205869986084265357603402240
2078486481757835849885622528
51367867319790800753325964004554560
4992851135050155555318516811008
1299878339765714856006702057600
2080632652130780612697033600
2081354221950777898485567360
2081382112473437914760006400
2081385598808479154379871488
3717019076699310802490038082400
1301991579630092324377158364800
130249335633445517760194400
312836991585163355692015817568
130374570440197150232015040
130378062599139331313889600
130394214746813929292380320
2086522234129115298359128320
169020278053381807980258786048
130444863640841457601223520
130504700733271252735197600
18017802648598644939927694749288661571580000
6608478436149043592011223064000
2089010211035965388550537600
3729334701801059289918040295520
81611152179862106362949388000
81634371653878408951693831200
13600998195846150926128651381450560
169434113804982541537050758400
169489298863920725771239363968
1915171200865505358268066173600
130845771420081404059260000
3737942957228681515872577900608
10601757767836502665051500000
10604204837458384745191243680
3740219067887065856998542917280
859500624136220656128346500000
2096035347023256601701500160
2098475700306166443669912960
10624009751458313098752946368
10686851296417916015237565604610400
131280947427324809286406080
82098485529926970172257554400
16608150269174454246712398637717697640000
155837964034690709751497422064160
10645336296318186565192853568
10648538045190708938166418848
82298899221910199039719387200
131685979143062721316898400
131777482306061536067192160
1930510520043376091276970766560
2314906724541695844453683407926916608
10684114090662178267717407840
131913945699144111027357120
131932442437062012256860000
316815720437317680456303114528
131980014409407655072079520
131984860424678421949935168
132008211277896514677025440
132073874615976895555684128
10699531050615368207639510880
10699971440129456091601845600
30948342219601743955263142157568
82636181763477878567473360800
21157324178604929053028429145600
