57922427352268304114088492000
926851941563605267922927529600
92693322314027687311502688
379889846416142970956337451008
110029797262689451531317535095648
23756269873592785761492115968
92798817145856819372583648
2652857295153004995597464189280
7530065905216663137665714400
1487476879788776471662166400
831064671519797879032776036034121929440
93002283713224595495808960
7533688148207734321100448288
1488214091552626055141642880
7534593913110184113103310400
93043288292224474378944960
9771723939433561564913921013120
1490772061714255322716560000
12144254500139799365812337686560
4718405698951674233376251402400
93287223337303902261875520
7557768964951499291726282400
382444770289782426252443289600
14951501644773537300900646342952410799040
7568091230507941109048942400
23919489518873164504878517248
224402492903403056484729580128
93470404125310211229598368
7573619130374535490141924320
93504759271405530901097280
58456507969915334029049090400
93570434552197046639160000
1369976964413374681736499293760
7579333861688060055877341888
93580986655365884488527168
216678810592413738620083061216928
417530693576656297895891060250202167648
4742563439868322404303727034400
42846299363448291388324296249600
1500657728304886140048904320
24015052159674262105733580288
1501006920143124078786549888
11852032066110823150768310742255360
3606699637593800737136848837248
7606822504615131294790191648
1503365559295374489234960000
1504062216396391596475017600
94030789096528682731740000
18288894611012853366977427662400
94105970494746529817229600
236925395351336776139993356626493440
72099548157445569376891560977854958552671200
617679256441934318822486932320
94164780073174113628324320
942153886164834999718306809600
94243806067537531863651360
24140993127805775906914521600
7641882484940982408516157248
40567641685398015801433850662502400
141606738817511786554755223713600
94423252880168528277606240
58037867821528964451215083238400
7651217075123051193577252320
619964025155692942279295347488
44129810345906207732059964302374240
7894613184902727842787073005600
14352583254064174621924604162936640
94556633806804748400360288
1513838115458962827104984448
94639339123425177614132160
1514673002930038044464730240
7669884090391658436014314560
7673232008789303916302291808
122802398469517785602962704768
1798262292479032828081315625632128
11520260965314429787646029422972000
7682502460306251593952256320
1518038018368585373886716160
59303229079130965061068773600
24300573955685817954492134400
5252613403669686177668852612722404000
949617716594582331924615638400
19125615337703574451111837304408704385088
123133969262683467018866321280
95013734011996316203334208
