29587860297317921154197967360
267502050646425843721574298069600
5490227343575849803121125839186720
12146267882391404001557780862720
1851489157761665857202423040
115724958164266838140686240
9376200801976108277056876128
115786445049401769709606848
115801620906072308436317088
150152629427864274902871944448
150165833577677943396425728128
29680261271761974542022079488
9391248170847742496424938208
1855500060167992606096248960
29699095026339935254344000000
29715479488826379088445606400
1062413611733583046744229023761600
116135867338462597356060000
762304780657708789229777091168
116199119522908766790438720
1859754562655016688545303168
12707730794048025204191299992475740000
1860623007090474126070623360
269129501322203308269286192989600
6668048933920630926166006683373248
72772063862197189440302539200
18646020262256708640399039475200
29833647829017192695343720960
138232503303385210851832505548128
151136080332082694055248611968
151192978232764298189526000000
113461188033418240186014184579878446400
116780403827297893427062080
116822208429534197526602688
2360178777266452847348633359675027008
116857992433265099551500000
5283676721805594269124105266008320
1168911502301165641163193196800
568068402048869942507445967078871040
116979478083845077453172160
29972780639440544822587603968
151856118102841330452701258880
117311027410379432683500000
117367497116819108174666400
117400985210264488510246560
117404616879927664764317280
3355493542089579162805004066400
30099160311781003203647516160
12357296824094099759565703670400
117734642926932638933446848
117748796653786463273531808
152609472473324506651477952640
30148001571903877238787302400
9540360749494762854561000000
282796016474421283038352025760
117848313143149454334417600
6469822017678130214234154387551193600
117974619899500710700422720
6801363929328410226677925125075875200
83512129345809507609773403419328
1181105331376879674694754313600
118124132944297640060261088
118158188282192823777885600
9571448224087056595524120480
118243358842890319045761600
