1056944140803955411261000320
5350802716740271673692783008
41306897844428612283481154400
6941004937657564440174378675840
81846300083119858561929995267239132018080
61138757285655712958811092942400
1372797069515697670309984458240
30271655009819821335979681440000
12962699645789482011438820006565764800
66292830874743708115359648
66307551596246062090555680
53710284436928804978438635728000
66319382523905257769232960
66327533639457908683799520
5372558623597158692780840640
66336737414884214397802080
95943977576643421110057867656676000
1061752860143312431184039040
41528614338037343705584046400
46942434398137914771128548199120160
5386437790403226082236341568
2555779702870922708395099492608
17043306519386430876744614400
525870125961610837009391431143360
703603116137878642072540687262688
66668975721024003215663328
300110984273838040872154556507859168
3378015877753637076006447516000
228255263465738907554960295938208
5408373570199059281387918400
233858454981988994807178400416685209600
66820092494155358156607648
438416072081396529672626867520
21155809663281923919995445012132000000
1386496166248059523603862082048
1912593984188209809131100936480
1071752184128873473979921280
66994512130909783318922400
67003785231952638565425600
67042477694335798698616608
4397058789595079311018494566400
17187426963339944934950146560
67158390214293709655163840
1076050049948130631714778880
441452980090607744814943667040
67332939635694184015214400
17247267936491720363264709120
1078226176091084788474425600
67405303128997982683529280
5462769234922314340765053600
24975948107900446810630805181901132800
5466652295073814883259093600
80059105385919286230650371284960
2593693341633886389961645895040
13132748698848931333509249213600
574363888664544979276118087594880
17296375870604135452198248960
989414558188689279511945359840
13225812945134915430598448244323707200
42275788091414700821096685600
1082729263198382219125566720
3426298986850653806339032872000
67711896539257000901750880
67741811861181141120406368
87803111597454670499091561600
1084047453879665059130932608
87874229672479466593722380160
3432790781362839314193371956800
101764175392851365668320973164000
444963320070234986876467262400
67827873629015726117145408
42396031031206946793326172000
67873075493200920133346400
7126238423435591209808611249920
4449014813856944058249605529600
67888326186157561694908320
5502213449257896233054105760
67963279195042437315927840
26081746839023479469457685895360552160
5507231279913502420423393728
446101356672767453896491533280
4270144731831599210823726269982240
