5883072347447771879169168302208
153188012585882049192389280
2451648687132235673512505088
153311700922407475843764768
392678020202223304063426537113600
3182574140582636676549248091648
393418479753046279997328117636360000
2456477057483461037210486400
153707908211424998573451840
153750880840338820288531008
153786451208894798455608768
153799791688171393096857120
199371654310763091671978492160
3191421103459412301625894433280
12478153839592386854062260000
2464892410707710000238569088
154122698065349954772218688
154214767430275249908265440
154241504970544011771075648
124958275420468554912315462710400
37979601749883365971680044580462877228320
154328178298105446331354848
3705845302594604920375488886915200
14237207097813611693613531647996160
4408537703367594390735103604928
80288513103675261795651363099474720
1013458983698720792459570980320
2471484785554382043819085440
2473388887129046350905429120
154653900768814805692614720
357822262502797363323702269986080
96701985599936436035119204800
154734295076782618116693600
154796845649501835134641728
10147514898922143668640000000000
7840399907109466975718580386400
3211451061382558180717321190400
155040278171705471031749088
155060660024213369770064160
87229040707380307501265235173399808
30340155333102773243003384174243572800
12570373132626045676587242400
372688046716807978127175758400
155287481484301398439305120
155290965330816301421666400
12578595067432951236107382240
155321824816076929176605760
97085598499303485160789946400
155337256283333250238986720
4441189199484809872213774346400
324260692935030730666979223086208
201601158028146554206154312448
12603890676181736996926107840
201750281139591167356958191488
155677538195185715463395808
24816791105664538392257135535910376506080
12614916467717679616888379040
31971484681556138793195559567155087468000
34639958407987384554477778652087547714720
155932492234006443572036160
584679694249047063850979957736960
2498558311874516680896581760
156179262012418423836671328
156188759003136774311762400
