1764442418233694158087210368
8932835388941495131457522880
8934717130005682418654050848
110322992910872627310061728
110428555698041253236577600
452373084979190364930449510400
69058179022423464145534548000
110515682730681811716133728
58739222002887714066571958993568
89684365357392689059075430496000
143518374941241636182284951680
69253630513958594425537216800
7263868159429957149360000000000
541045686581722395115974635628960
110880555721854060854335008
31039688821842514122335102422368
110933140816591203311667360
1776299651543823225837671808
111103397215790424674380320
9000870126804197571117228768
28449767749205202224072640000
729329366696150845789634403648
40324831624381051188148738670640000
5629129397172385710113412590400
111195184672639416135006528
1779273274135445659309431168
909510948635260166884431128119428998688
111238580806737808271174208
111263771887434093758559168
3178186091862775205809283358048
36919217102721913027224428894208
455919701296298016794995396608
111309126614418312064400160
69569318796867910043180071200
11696921291735591887300902052608
56463582873923728411833674663760000
1633070967621881361433299000000
51019296723388422947631644918400
28613493256499372501257413120
9053867443288455406097645760
1636575914298856515718370691648
1761410846500724311631181721399968
144915525639840470042036073600
26200257359272578897563664544128
1790510561694150550718402688
111935426643152835492002400
111956452562937690908561088
9072868183075146420136958400
112023054184475846066810400
112062016268388289837538400
1150469840280051054912382877797284124800
112065133674097767376493280
145369827858827684972382969600
112190663257830489757790400
9088128205691882980298954400
112205094216837595727964960
14623059982123694346288957381600
112271416516790764427826240
112362364839561856474305600
112374469423763943208932288
112486971670147569069363648
7374724465455642910539350138880
70361428450264246227107181600
66699554856814147387925017381897728
2970771432879764265189265314913634208
9123901317866591212922739360
112645712039229812122749600
1803848134793295198524542080
1803851266313703081997441920
146142224218993444432114164480
236499214912137064386339636287917440
