105063746633646504113021088
1681220443116650066771838720
105082682892213342735434400
65684242866712296967386760800
8513070925906418674328390880
105153995295092862811973280
65721339937809425357119226400
252521639859549604243957377120
690296775275978579263348636128
105214193362023084828936768
26937557221945684512400151040
8526063279869006059809668160
1053214805378311067428280419200
1685665679249302288103456640
105381173716621357882092480
8537543012997672817986561600
1686570670892562219161316480
3162007172711156925555394642660608
489399114231250326758991036715249248
65928238212092808542380555200
105638167806266882671391520
29573104615803552561812064492768
1057908916417673411195837779200
22687782489269583899274448019527488
105894511234393425162645600
105916921437143563243005600
105927007188756503414710080
4070203764797460028161150000000
27130668823777932072582171648
13380942050322105383565971711126400
8586120667274227159216152768
8593297922968670833131333600
1697506889730500034371372928
106102315380518955386655648
35206315098901862130706930145280
106132240407156952383492768
66337700780961375840978235200
106193232236474675780088768
106225048218184028786365728
137750440444899058870442294400
1100871711152481106638553316295606720
697501607600673385739581274208
8611761381548959578292714080
777633157338347405887637861882880
106402975034313361424027328
137960241479041320867121004160
1703405837270002393424534400
364136568169823318123097354257760
1704170917357647006538857600
106513214298708018676548960
331578597435427129976970237751680
303504429741135020050393917232610400
8638017010413287518510740000
1050144279949328824440810405798976800
35423920030134350473440058091520
106852341973857399915903648
3035652113432615059907988238437600
66818347285819312278406399200
160472336153136842551718614485600
701735780177200388861000337600
17112941473794880219537894886400
106966693198135949429277600
1297369622045540359924294828054080
107123699243801085549731040
107136885066925051557168480
107156854487767988647394400
783508342208555326458025244920320
107160622616047667738385600
27450451083950853192755186688
8959969052789826453514640510400
180235191502651771041808506928128
139089097503350054930169020160
25141834761716762483338086476928
139094964477405251324975433600
399720481688402158846575742611311520
67157483288149291170917985600
1719372642613610746566451968
440443765795096839948853291008
1804361476604777247249976407490560
258227228667954022887690641088
107553428739640818423893088
87124342549161723717415264675200
107611251943261792890729888
3783883100691859197663577268414400
