1936371904253889844304661120
121078674088801227182573280
1938324436429341025525995648
9817065421534531721216462400
291070549511610714604072755168
158953061061384364302267825185554742400
75798238104603496291232388000
1940731615352582692659029760
157214356263625118358439440000
121320021669679563701805408
203824899665575221838278897865728
23606360721797837583195043680960
121389930956858510452046400
112113607927413500938954103066400
182183171408713716980203622656800
157407476979275030495986524288
121500440925235459448844960
1944098144381404145925667968
292086143412475861175235284160
182576442081288679036334383888800
9856591249908515985048411360
121731637949479076702702400
13179114808250831564627480775684480
31177272935663728019861027328
8726287755543289351237955708490240
121863542901219606506675040
121912931111537423027483040
9875037079790420735266026048
121974376047556320706773600
282234495153268505804219963058528
158142617829863369337282576768
122056615726510298258220480
122084038192089396068695008
8005544439938777886118625894400
801553921983923569799164123968
15923738937904822912481039160000
34218743672678735684941123857600
1956849027039710691401313408
122329383746210489418618048
1957754587041304555794423168
122453444506693521489222240
122466772075772479976927328
86664527699902536906321824471328
122643882046079318813716128
31402131137880486266808322560
122680578220986059134079520
14913640029647750152139932366612800
1227589813202680547518889155200
1964315947031674968420382848
8421466186403642251188501365261088
122853745046522915229494880
184411858664143067139206865842400
9956779386620057959081953600
145780253993834191404147124409760
9960038843936194746140361408
9960230601637876910359690848
2549918298995394591591030832128
9968456228638052421500061600
31512446335627842891004185600
123104848891209936775458720
40844549363817656218357176698880
1970729808128748306490308480
808672260810757459550429822400
123268000623123371020224960
123361781574072341378197440
123391099092063741277492320
123391936812211535076015168
185178907622130345611338304892000
10006298630210531215946377440
24036387935409647525599166161440
1978155857423970393088305408
123686659807544561276015040
3533256367076770133365811712480
