3721233105705063696499820928
232627439648125414073111328
59590178196383347991667138048
4828816813885691756962927707648
1703137848990461551246520676134400
233009106242466369368193600
1528916872994107487785472542560
6657392686148838526133971722720
18889610403827054776249205568
18898799694385698540820382400
302556847840055142426390751488
302621217832867204955983017600
18915564193419148805307745728
233593978383050874400445088
2467406334842615357189793090537408
233818493595222632845488480
3743756582345665833778118400
59911174018912954331505077760
303514406047886294297852449920
3751034012375223134617816320
542422206280261423344481792370208
19005541773516704525268951648
19007519680569703629157384608
19020709673157202326695917728
45670326672493453920603554898720
664071677502198340303422744527808
353988864548960282912369426122651968
28572031037197828222292334581935200
235180535851900948585623360
2351808416035338608841279273600
3444894574116279172156099279008
3766501817821262957984717568
1544876782917336223978485503808
60283548365336496279516264960
235491197208496623753369408
147211075569193701541628644800
23004305361483338954454921871849746240
11935122825745591345657678557600
125353120194091438371868455823968
235878424432649435896499040
235888638987855507804857280
562844374306461895347339101407065120
19112257229466503014676659008
19134611249992521622480421568
236249766269414427083753760
