862665784031890759521648361672800
6934573341845761357313794242675349974528
272708093057472881745222585600
1538745619355033535428878368345600
210480162629947317560053440
17053518813473288586066782400
272990111396621298828498529920
53961769055480835581572377600
7480395628845325742449983191460960000
53588870585260432660630801813052563200
17081799558404847193455581088
864858988774725878171565659138400
211020848524517957153949888
506773005434803721426654556960
3378987772131949236470959488
3384039823704155401141369728
211573244875594175734931520
211847650557565927360698528
211875294288081894225608160
211894772177195701080817728
211929961445592952731710400
132461174771869106912339368800
17170059989895982172225460000
345799872218041121153287903989714902400
212129869337186748205148640
212141817995094279343091040
132681264558603953630405013600
212302859662592351771123040
212398521523785616021125600
212407963591281947053857600
86383796386184584141784403340234368
212634667668250366889265600
871208540308065455060673435648
212872902207725581204463520
3407598500758939393059605760
3409051961281608082077638400
6085401659244660389936522185248
3409496166946286916101466240
10789449363174147280265644408800
3120425986525057245577379051808
213346182372277532861075520
213401133908504430573249600
11140414704510292146746527958008800
213542667175056248401339968
3416685202810122701395986048
512769923416847388143537592480
197233016546836553418502860514848
2767824978963857561788604162956800
213623574929449341015973440
3419072268988870224646882560
17313479962810036683331500000
4745336184259279466553348327256659840
3420655907127578159099138688
17319764889135858619452422880
17321934268966147958068509600
