11623481035496986600202122366740000
502503171630527505569840942400
76611844233878254807697568
1736624129355061934731803581240160
883985979507797117603124345279145577280
267253123286248748999612763516681120
1122225107277941717528470674528
909029252828360283202368988166764800
11642683081520489127123148596842400
40953603258035965572853540516392960
19649154948804231845324190720
767551936333331664337126012800
76755208302496202798037600
99475351984629525028687643520
47981614224602822906067727200
47989904094233296110868526400
76791007364825107762000320
19671395669345405999487352320
72093099830184385196051837193780000
76892016420808823082209088
14955875494554344944695144432480
76917284247235102660297440
76939031314709485944875328
76985185633626537405246240
76991360715403843161087648
1232189975592038799624240000
99826575384194462741200824960
77047247389621513960269888
19725573536745258671704650240
185067049341471254271507288480
3902481412086637780238087676000
19736403686372400207364631040
77110818663342933599409600
1234033370996977620557953920
25595842578211582111052106854400
6251637828476188349030475360
17671355144887821934815766008940608
1235317669834913655706496640
316274894630366035616627619840
772905463343707926370587321600
77308552588423998842653248
77400033389979712360051488
100331329491532328391548045568
1238789102952928949178277248
77466481576478758794177888
1239545243242495454590224768
19840316476614076352992488960
6279181130238601145661285408
77528242878979967494257600
1243046895753660148142754048
777161026201245562951841491200
18206127415676054693374474625280
77721744126005282301673248
12442459009887692613206593420800
6300324282350925471182817600
77824855620527521744038240
77862214379144755869629760
19943993478538734868566850560
8768752459379706812274174091773600
77917684312662982927946400
6324408789963030402542913888
1249558771877839504405610880
48825259990486087973273138400
320394574688574003707143566626400
78144915453981461679000000
78161568867274817636693568
1251024131129891727805118208
78299061110036070036965280
78299358908888636753196768
117251963965508014380244409574823146240
78390823325871775628170848
78404236892886037592188128
78404833091370946730208960
78428385651381133019741760
78463575306378687059661600
78492212913066697178219808
6358562041168754353539011808
571764920114755923610077716631790614000000
8498181837536474940636477578461440
181776171878854723507406209489440
255699735007665981656848247204925958368
20123858044126434729837285888
158815804313204681145605013680491008
1258121691268360472809094400
6567978416554015193316808910400
98919410499984528368299243242771393600
78653744352231123584251680
93325147454053104034713444776160
6377862187675148822957223360
