90281728565616771130173120
216774045454779289649684436960
4571342382591027420608346631200
90336415988254581820265760
903685605777204132190831036800
370233146251702535193741938688
90425626324146018961381920
56311202554162430149000188290022214219200
2584035102302640172799619927648
320891815119507726298364018200742400
90562720954808783094273600
155182410099527697889472328443665766400
217761507314829006453534539328
1451198212562305243208290560
1451450939771460795287374080
90719258781839169030634848
7348996293101924619731882400
1451855371964010612555465600
117632547945858402484470638208
56734131655298137631981745600
642365798305822544737320078805113600
1883657651729977567728947658240
74119886286067908663781166479992288
4034683005876463863689211576310740000
23270937855470469724280268288
90921961919533148381342400
90988605130941648448718400
91016272817631975413640480
73754560222871817360893465030400
91055284971322162786814400
4981364027971222496767390711797888
483778163907025892674594289049600
91162382722167739221115968
7389814284831663640954218528
3505423224744943298858518329600
7393304626970389944593670720
91298977445820420484322400
14608570220446393388320179724800
48553855620431689549406388231360
122443863963524744856236357233920
74220494412985299720441801993600
91630245600493686836481600
7660595389796886863148020610720
1468319446198909133913130368
91807290116009522813056320
7442054595999658602282426048
91923111116721590813835840
91936210816279508137139520
49824523899780324546626083984847927040
23542926413716814511411809280
13465245434448318518996175759264000
347954451572861731556960534186833920
11615240048714067880500849391294080
7454953603813986748327415328
92043412210180989642878688
57543229962266568568023864000
1473887800293012128672490240
1846983000921830972066767353617031884805888
73506860460499559461143443850266884800
7700186682490587832768108319040
96697083558567431709992202240000
92219034862043767505305920
260610347367208578989038684860000
7471060022648364035157665568
92307277297177502431941600
1477421887601983075721606400
92341985361429268660361760
92361196943317415454213600
92413116909399987817612608
1604947179614038852418888532442297920
1479123851201315060556793728
213895668760674763258246107797280
23674628518367040202677849600
57824278131528744965456479200
222147610086956182925398895520
92561580290576120816173248
92571709303635659797141728
