182334413615241747423018048
182452331874744237708969888
182492212411266467845776480
182498953429453608874443168
236536056416481172751054505600
182576488562231776381414080
2922237685593414895566034560
182679344990905262790578400
66267173594874932399828260746000000
182845805848663169443598688
182851994085602548540038240
3620330729969489666232189284840838463008
46847332483490016630329515008
182998870155801341818381920
2929614711576550672266839808
183130627360621289778736320
1933254965227214450429252893749600
55618804583780861193510445715243520
183302468967776622123385440
751330082670639845671625115648
114654106866009346587517543200
183454127972860563995344608
183561868623118742107186080
2937732470534356301687995008
14872655359854762409514278080
7053772845472833779025679521408
54185448560696389743349244228641322208
229546672355387133515928842351047680
183798952143010811347947360
1205962565227377111917495485920
183997262327310174585474240
2944890043108207779069360000
6818064360443369238479456606935680
24029533760989821544775454187680
115323419638602657047166955200
26224855931820494899224412122253052160
14947120321603801693210664928
218924221122051525770494867036128
1705405479020783550585835637492995200
184666823163428357474657088
239369766926930418000289092480
184772262473394606046863840
61348135202908694890770391050240
13112309856459309901664520209256000000
1252172921761286061835735101057120
2961569233249630599790473600
185104180455821353313352480
14995201599046525560539961888
14996857410775856766750713568
185146766361077060716421280
43376327416894568236887328560000
701400295205899799714990833364187076800
185262637199342890541880288
131037732419553669619104361383196830670560
47436925849341805261983260160
115818125474776294315765406400
2713399821106362111850224030240
15012180170874641568095074080
221894520328336868593018578221316480
185417784725457013528571808
2065252529033440811538815634739542726669600
47477668590095649264920110080
185467816411461393982014240
185536057754338291698268320
185539470315738079457453760
185574167362214020176674208
185630489319938991296176320
