196018873250886350061345600
50190030750341995671512102400
15882121994824399726981815840
196210382598019315156219680
39309187220594082555248310596383485600
65161189357828254550717292556288
15921485592893167114237890528
3146259161260114648701840000
1291523044546300421451800725920
15944734296159858370176776640
123032116173969691738390255200
196910612529156836246209440
807107652256704900737832529920
6574734986641617438109281219525120
6430409419760044456126786586164380000
1293560562230087022944841682368
31566805066614685589691843033600
197356429955738656222554528
15987382821804042814058318880
234181638391693408320354279036768
3160580006358736174851630720
197563226606064055122466080
474490423069863735975984239808
197672948379748674325164960
197744530676405467148267040
16022736139346218906632534240
16023461205076352503858020960
197852537415460758002535840
46353390445371165970433410124928
197945661591137806168595808
431006153634393641711202370842685440
5810918830356438191113865123975702575140111840
16049160522627192819660035520
198167262035510010185157600
198207898996625588767251360
198209691947668868047635648
3171577403691440144985698688
16056259878237515119003740480
16058164196790308828502540000
198289191668181592455199008
123976933780295851460257197600
1450752216835509869619270175646208
198433906637438057117619648
124076007081987746081306368800
124133983132739500336245631200
3178544957302817940224661120
1986936651197945560945379433600
198697227685499595807763008
3179886186486576758385680640
814110502029912601407186585600
1987655244455570179896625852800
3636841392597355256614060072253398617600
16111828973395988890502574528
3185101849376799267328646400
16124792618399005071755864640
815720592980320421684406251520
199216856717264599923148320
199237855047294920361230880
55768769809589369568519110983488
3189133034876758328932560000
3189598787146068068131578240
817097211887665916728436643840
