33246614886779240660210690214342720
215087489585039582937554260608
221854750336599234869237254711680
8404950985436127704339044864800
2656737790152067644794478720
20201499690603949448387209243706400
2659820503944848802490339968
166276366359242068362840000
1091302094735017976332016460000
2662037860977914626654008960
681781618900679650986394890240
166472382295144515404108448
166484966772496297423145760
166485491141202587833642848
215787000621820323601920814848
13486754794452292854198336960
166579373096641974330332640
2666333999514672763717760640
1666814557422831752558808057600
1668074511628126811843083296000
28179259731200974710288828486885120
21754530535217387290948802575008
167014685044003573689322080
167028351554936090092432320
2672922536568481322393270400
13531908099967070369958637920
42795249123775229981488562688
706896221877864107085681109431972000
167226084112682375279999808
2675817276171339177259885440
167250813020735448105874368
167270808611022719138955168
2986246455439711690608318720669600
167292911086178086601565888
104568397967818055935697325600
816493959270311773920339929026080
3471363142441758239497148920320
8475729416759660348742778274400
167643158929404102734970048
26841694155858588938751891878400
13594757561107779530949092640
13624894510014294911613539520
38526565038094052924579540777972160
2693235120653693477471683968
168338430491689808116834080
168347948019463049564733888
13636340832794289960076908768
13638525301809956578616958240
43125829658195473277137018368
13645594499737840478983156320
43164847015769015488969643520
1141820571984449733096220359000000
13673111952155717824162535520
