135207522900177128640787680
84517151045923125639748548000
322615779374839345094084853156081120
10961126529572976818447907360
135421630331721938492853600
34680543437304155949982215168
3872185831044732289653136292448
84758612506557126444472720800
289839990026523001802272027581835200
135654878739979843107465888
1432633833617932684630960143007968
2172394454236134598441445760
135806044080550756306500000
96121978531881659606550565506528
135937066121825665742831808
84983583272663289276919615200
1359793871183695050910605878400
2820143558578344373387394680320
85048417717617691945223803200
136233678553993239319753248
9762060374977544404024998487610880
11037790770865338656772715680
136323479052548303951355360
2181336357107612809567309440
229082172129696478852507974501888
327474644987639696092969375680
11049979161411941574170299680
2435674933191668823032539246144800
159859521746362283203747248544123200
2183735157223877785189105920
11055784379962669219415581920
247351622257820397973077078158225356800
26588210507804139585477904329120
11074032031310642698703799840
14357136640213504814528913586560
136777220077341758959030560
11083475958947398621314610848
11085565922875891014397835040
85609021335879109752423012000
35068560188380503247040793600
2192567021856728769318218880
11105833107758562586445538528
137111468434018894186526400
137149098337600407245734560
137169049861343759766906720
562285576091511681398414530560
11120368679068580860160071008
137288804720684467915711968
137317394169924725116279968
85844192986702027162558221600
137376856367614296426840000
137413632730665775680905568
137421352163995184108144160
2200353202467558153064882560
137595807202978284402523680
137601261597992914487839968
137605807051044200228689728
5287173391384223039268642023040
2203000492420419433722489600
1377267347036152996476583660800
2205646529105512217013521280
904758486113211825159606076128
137910153726464113905411360
11718243930985365696292851542949888
137986660832951754001461408
2208211124496751728400572288
88233344548586828017335683595103968
