91931907180411072701677951200
147129952612308148718503008
11919758814350417926205640000
147186836690375289507553440
2355098392718834272270352640
147232738386122280486630048
147265258582432762520269920
2357459197799983859187247488
2357792225517886121519240448
65146643154588662584167451087893600
147405922608903641468119488
4210176225011896368775057611840
147479643969188917717346400
2360886858426577166081083008
147621419818789078792632288
147823722917630237633190720
2365553706086311962355314048
1106451767270503956277464943869612288
148201078651778069880156768
197291354211113389762660802227763520
2371911256656321037557427968
148252985456692457142636960
2171842856634126913534406097120
7510066727960474752187181182400
356211206269995446947820762400
37999869917708865142336808448
148601786993698165042275360
4703156322836264284045613981400000
6399027639404429432967413394019488
148773767657632571697743808
38093534047686911225147366400
976393874336307251589096359328
557857768616116993106429542322688
12058107083451868736839304160
79117900542698575081093237287360
2382171704879842091767401600
5721007583053257398323718833920
148957957064584493452159008
357919820055518828104980510528
120815178848533971926026244380800
177107892040435364326338490312128
12096949348625379673889895840
12098345763473870059283630400
38251758482670705435413849088
15693929906245362101938106505600
12115164432338721199003124160
359178707526205270955452860960
149609774745234339331082400
4274339371840771179981401640000
3110279746525635947229232358400
150006546111838532538280608
614471381974832667001402380288
