83284971693960498856500000
6749435121780309180469299360
302389090789043851696338814428517670400
83469151418686988517950400
6765827689267303812809951520
83553851527896601950727488
1082951759746747899156026417011200
1337065493952579679890196608
342689032311386956066590306588000
52232218622404287087638318400
83586060720369366037454688
52245901251119164667890524000
565551638942713373698362367740000
1337963797950273563876640000
52280080467532230847490712000
83681492071737396951288768
200926456155630271264085160000
83692448434739340874592928
6781252413636475378754431680
4239416830778114346688234485600
549485091750043679735607949728
83759775412877153811612768
6790844889577708901317424160
16395887274006171367356195416228052000
838533019741313427805128019200
83856295991361959524457760
1341995463162898259231015808
102589814489628334815090876445721568
99494598034962552905290334973600
1343679474673680516107049600
2398607524042222816005643627680
42819977983298338670259363456096852000
6803354048752069037011002528
84020384007775815474840000
84025093714554867629678400
1089341637092328789443951663500800
1345169048061866734935634560
84102361159984645975699488
6816177526519445721404267808
1347661132686931043299874688
68250003542423950967466607612800
6825798528695368915647670848
21577086673873811271806949888
616800341980720150231744297559040
52780638984341665496761992000
1353349771745754301845126528
84596746875866043612677568
6854748221713796812011130848
1354319411475567524027913600
84649778091277583866659648
203341602486050395230784092480
84708520301341491847250400
84713890737432200072864160
4534819848645027658285608104654328480
84765396705676517882570400
1357049316792237222828422400
84817242361132093886188128
556547015619439813070074129248
1522946049907990450079702396799836928
19350410253983078311096153592925425568
250437977442662707333880374878266400
84988438441933713929157600
13608161365778420267295268377600
1765212772047991809409338278400
963420874397001911034169393407360
53213357995496290692267367200
1765879115023657054758985256448
110392057930815817446225057408
1363617927174400472265250560
6907993133046564719363781600
85352574226763186087602080
28330180037126861436480009185280
1366461038584343578434601728
1367114641427154083375197440
8976975272822543986135503607680
6926760773511911248738929120
6928607848425125724809887680
