189140062830827847496924320
3925149635397007565578081336320
3591889078611938917691383841508480
245384681758997752881131983488
3029591433091215347139827328
36840087308343195104101351077600
118401844046422420836290733600
1894601958627583413990910128000
189602103365513488995177120
3033807081328291772950900608
27763487038538228526620746570896000
5416323072183126310417186716480
189657605060857661184877728
189690564957265664141006688
15367996255699285540418276928
189756497637847668075240000
455635310307294101583261202848
15378836579049319846438620960
189873367929242810649027360
190011135853923490959230400
3605425705536272357256175975430400
15392903175091653884515035360
14841949878638189114322727682287488
3041764983284365224754694400
3041802054873115442342628480
246446153322770523934510358400
310598291735663710465853371744257600
190297330416553397450627808
190329793914609585335906400
48727636775378794557814583808
190358202882458395548612288
190373278320051379964930400
190559475772742932350182688
15435709221568081473236589120
37083170593796730823021915605600
31094116225638607677522978904976448
9655150483981226953503612129600
190753358891896966382769600
190772523036157816234873440
190774846060854196440744480
190833509465708842213161120
190854422464394385849747168
7338580555943130950648201683761877392000
1909087171455781972108909728000
3056290481582657258260610688
119407003098872791210184205600
191138660975236842971939520
16235704538233017982782147428843520
191222423592555722058740160
68533193040459490486112306083565981074466400
119570530187409846580163858400
44828328076126666278021943814400
255734149889018890632778316302080
2480839168194801448696279180569600
526525118983566151456829644523940000
3068842903299468348977995008
322184711469453895115587690928640
191848021807775713121742048
119923823172888624044960719200
105173715227740579526793874196027040
1299044915658097313129225413447968
3428367995451055388428427048978400
2812849811912044882255553114400
1404914236658425477450949019962880
192172490672296139970946080
192177162290531482582442400
15569834913056828806342427808
192233228353147984125686688
15584884470309686591947089600
192406760421425418767764320
192451184806163990066431008
15589856058813130225819802400
