81042263406217311677107488
6568467220963355593558952160
81099423785081899559801760
6570704539230969629998075968
194851470031300936571780855520
6573817921463057815344210528
1298543763958333276170533760
194938992979967319095786413248
81196390393488445373258400
962951170069015921700275749094915200
1299246298069705822884854400
81215671712785915830351840
6583412767810675655177822880
4114868646183486544735173979200
75104357139290239034810066163360
814039059120661751552217283200
8812882459228751992897307372678400
81421552857684850348140000
6600927027076711327997364960
105655369995823381317245577600
1691292025652994752851599690240
195845756269620810264726360000
50986750037939005772919996000
1644338083431312012999359404647360
81617686599727925826113088
6611895318059813974313672928
81644417635088960295478848
81662241972806807365648608
1308279685775094888215606400
20943512756536285914882301440
44964836134042497978944720900460227040
536943237239921295006615057120
81843724403043037636275648
81860349755568968986465440
106109603064531001739624198400
1290030387134569756111003601325600
1856454012096241725798809201477280
19186848595310601274357633234560
20972540981538602711578050048
1310939706704594068852665600
81962928739757042417059488
81981421684787864875487328
1311731105434732355257943808
82068380447718253615266240
7790182626284398264222571090164562825280
197305228692361044342885950880
82176404180998981739151840
1317518434426021257948244608
138321573857175133298902557795840
540423810018157828712828126688
521076290801887963298529810913478400
106815286728599439862801284480
3853931152979817986083355222035106400
82464576039026623665146400
6679639018455037654829151168
82471387522233063452930880
198027607867519476493109744928
21118650314765956869854622720
10752335247408991958393356994400
343627666664273818174132784293881600
1321045130045899530443329920
6690479257620636108226464960
812806110699457996056505792696320
82660419487110566094729120
1322830983289880973783565440
82706952493060119109206720
107417641984214753619436694400
82888929760478727544628640
1719344261597319379100180390400
13268668412960577224865911385600
4538786256042249769869242804484480
17788540367161245063928623334192320
82986874313709840706171680
6721953617358825103118206368
83010518372384536193782368
3940019837967313206652228470060000
83035412313073576588753248
107621927515748092052577426048
3074603151434467103073047321664768
199614399244771454679831060000
83189568096656190578117568
149862831672041604624927452491011840
83228841998859872774661600
83243495348192806549449120
