178914116070944208221918400
2227311393176427644763606469076506368
1174820116423055781820492260000
179096828727039739184541600
179110122376924280458759968
2612211917430049121340747651924623449728
14519035243518543956707740000
1793171279141281562575570204800
7719800904871244949125466910595808
14526848218382934326788386240
14544776083476899604545470368
2875538899079138958234323328
14564880386928245642067914400
14581762483621549050015854400
180104251108958458810178400
180179352784469135731233600
180206061261779482950934080
3736916834768139913383056398848
1038956374504272981259523715660000
180233885749659165053054880
233621765441693425735356539520
180343545590420564585102400
180374170215532405799349600
2886002315191410795153341568
233802514026197809476499785600
338110261509100989240120830086080
1220526881922569568067447131934368
112764346840138162824817461600
2642892565128172465733005284288
180602028426721132952094528
180605372695841443979930400
180608159622253845821354400
18993571666891868628037350000000
180945615856403759422353600
258318857646865385163232323909417798306571200
271860411283601376540735453624000
14675351673388813059650624928
234887036214980804255866425600
14681311170225505676395465248
46402810409833072084607835648
181291370199685533053587488
743525939048635688274370406400
304912943795861069328824891696640
436104437178310238553176646720
436321051836146029805496753600
2660704449418600272365638292640
181780963240077386078851488
181782083444503686380774208
1818361674713104887799327728000
181861631193005795953679520
181917666398749262044161120
181931116774741445508192480
235810632157072549525863446400
182016319810620450029997408
437310091767489611379911294400
2914331569015032481691502720
