3240415171948476004947800455680
5784481539038877018016589416206720
156311259004313254511762400
18295891504712789422317929514559488
156505406408702616748784160
209150174065554838300998706010880
7928651413369637126923636375200
156680193447343011146226240
61211123520197904279539999640000
2507462338459671764688037248
156832562743463830582640448
5239045312339265293375786360992768
12725803129643688470723951328
6036058590295718281546875846528
98212088719932939419076108000
157148681832082442719860768
12731660161342954978914821088
7958742040905116591573233509600
157329535734538258457647008
157363714547120673063367008
204110144901678550220313788160
12757186223550381612868146720
157499982491329899930801600
157603122188193729748778400
1576458771140152057095969004800
157649425735908792364731360
2476183690054109868314209654760582400
2523734030732881191192240000
378728503539278092180545190080
154868400517387785473911248383355360
69755914226246605540388160501031200
157865979793624137357516480
12789253203701000316189198048
111681810438375135867140201642400
157909317363200573180030880
12799542641715878625477758880
379422809923903539383218574400
1037020659120549302611776481440
158073173641856165980066080
8005592116743402324758292100800
6075038216856467624690373321600
205001499159574933662462746880
12818422735293964260219929280
12819772112175548591414793120
2533642451694258456887309568
3287705565479066885165005440000
12845785451802843349219052448
158601910182857586077138400
12853773351368585110811258208
10404030816186674929468417916928
99239188134620993790941047200
2540627265064965873051467520
158792620146206520740505120
158843741402606183251500480
2541894730924033631517030528
2542089144616426818758736768
44470617525732820309460908860000
1589789178532841322367434182400
159083315131060321347369408
12888485380730686540228299360
99452857133697222376931743200
4548321301113617989896656524608
12904134874068142987931135808
159317578897280438245897440
159342947625386377675938240
