192577485585740059018500000
15599660674225788122358293568
7403123798644103062920122227968
3084888636068449348493147520
192824419245263513168610240
789970843820409677686887241728
192917519796266907098799168
15630810306074349360824374560
250106566760711687838639915648
40033724576441034022278691152844800
11700822260981070478376003731586045904000
3090287120916303275901994368
120773571753349322477902744800
156625538254050781699171964035200
3094565943908013929907043968
15673556728211250763852731360
120973502318857423993576948800
193576039333286323974839328
3097496118727641458528265600
15696517562246479110139260000
465603327796456411365018623520
465672500596482235499055822048
794508272596999850490457159680
34860860104563320165207638035918517440
9826669334490394075077227479200
3106746363165775429306247040
194190333155875561546362048
3107801084267014430075910528
15742705709441353782518860320
251886662302983003901302249600
194484181012796794255500960
9845894898974902247021756174400
49814748185597481412618406400
3114210514253778344941143168
230864098833014440488865485971040
194717612138400754853820768
76065824500139703044585127960000
12777836912525952525206258657107200
194803728124922063636174400
194847386860033163362445088
49882347129218631301555373568
3117952350148543672268706048
3119496308115462945950686848
49979128208462134975576005120
3123696694835846927264390400
195252464564323485447960000
9895204967692740566439331778400
195516162706734280463068128
5863312499261640470323790772397440
195541600628495718354513888
15848727555820599560330306208
328788954717480126543474288760320
1958367138885184576694291616000
54820873889487041496421259233248
15868585136445610956268448448
