3850690623371229944174370854400
116086422715622527166407783200
15055189424116874618293838880
185979515840291471116592928
9421412324448250881414450453600
186176166336840136523651808
3864588052265290415408106562560
186404362090943633190717408
9443458857139159664476439863200
186679616588729762817485760
2986944717598549975170142848
186784773350044678613225280
47880644835118721935851809280
32371878861505562735216720174091537600
36383466091166026537523554679328
187261392228671499747122400
187300912928788867395760608
15171899792818214391346368288
449762345648179816428207403680
2999393079322082429232401280
3000310270385813549680884480
15190158199034291429205472608
15192944827615091384835575328
117359996100851675687480952000
187783110203004105206040000
187843378503173504301777600
187942709343130377110075040
188007611446759537208656608
451449623077110510500943936480
9524618276986007156545679541600
188172526865902435555201440
5057159003603271573420446543628288
15242735160203104722590241120
117639949928890856222454285600
481957318538236765771274324889600
1235273055585126575621173254720
188354231679600815085631968
3906443481990539968516282560000
452454594238576825452872243040
188490021089467698992397600
15272385156384585398423860320
15281744198576085159979704768
188690962862465832679088928
188800425615742019343346368
437142013837140766938752988845280
