3192629823136914726357891840
258639475068719858180010902400
199665982492477054719507168
2923516817544846325512935940000
16183883310006473609841292320
259022726363126277173935998720
124945828204129452115631445600
26075262174078688307545862259360
3201442156497317159992118400
125179072910932618713898596000
125181030536722432177399454400
91540340578247560479278383253760
200336274813019977326721600
3205411724788323185388311808
16231402830200240504455111008
14543330592641375438409498130044273888
481271332076301153717388470720
200643703665830051184597600
1317058814231647029664848014400
200749878836498696665174368
200755912781519801407862208
200758929805038035516701728
200775825765168321981706848
445378139615023154171916518266713408
2940976746265356687739068992928
51439773954664211346195829248
376577393590121880586257266045798505600
16288730686165862652228446400
201113968983256309841978208
201170770575307361818194240
201196153898718914015589600
201374509222662695284094400
201389024700491307543060288
201408379891601171628126528
125886513091615080547392804000
5754108642661092480019893026400
201471293898067317884760000
51618114397777910272365841920
201641356418571926207532768
16334747970856001739682071840
484205479420589330064174591840
2018890472102268203094557817600
3230591251848065734499095680
7477676864963659756513187463179520
16365354778232475295942474848
202070925076323788601362400
485315815012497539132569953600
4584699357127081241674204780836768
202405238428095665584216608
2963694698175236872383115619040
51844130730957798258117818880
468519746337656248784613229833408
4200548082889837890838314175488
21933779754232837931478591467835648
202673716905798315632569920
5790135671147104967343772673568
51911333074501911550007846400
202791640179027507677028960
187415156131374951975799559213280
