14231618411232336271396918848
175711368753104968163505888
11515618192274551087977277440000
1152868959650174420136917659680
1153933719597609150886170851520
8908390603549525949846723152800
3144595709067383579872398484622400
2818812879432053692251350400
2819053610015120815972473600
14278525197325550302434939360
936201591640510337209300076371968
2823087044445072186842145408
228675492789536648445841450368
14308326289407373543894317120
45226014068014782893770833408
176741773941048908401014240
176855871889821137275749600
176926113464665407476817120
11597132979981495150538766082048
229673880964653516432305319168
1163902939554480844832747913888
319590646517140928160662655486240000
14375582712072976821521941440
2840408401830728885240198400
177579041809903886462432928
177607111956715311817679040
177651150263636973372173760
14402218381538968710124401600
23315645317048382585710018775493600
728605674122326309118344550400
177955237829242630389592128
177964609036948536957013728
2847735846212136792744149760
14865507394276745573997871750368
6257620864038427758095287066234080
230709594892792550828057769600
230805007131243858120006173568
729761750562447695585174169600
14435833197067613752869246240
178236535099720578813499488
1303537140146375583521282826570240
14442017691923459797115990880
59155637715326726122489808025600
15799071279391604841418881642698400
2613583711148710154824186176960
14462149675061185346706252480
178640862086532984743620128
50011690325448847628281892120640
178842730052550047579143488
