172270818709192493699685408
2757824674400943391740743808
13966693971741063852941266848
5457650572370304416882139587460000
172614304612770586940603328
172636395709157331107589600
1238228465551988627756917577406909600
172730171762275808659839168
2764133423720320785357369600
590790877966796113141364355380448
108011418625386337875626498400
172898417590233147463656768
172994998709366861974970400
18163553974324512612484999171968
13511855009957220280302149116760448
173180180604925868644451040
2771006035792864683507757440
3591808591510037167003469449728
52611296914528851228241712039769600
6657589900984097895251070240000
8776714744327314236132471551200
710644269246177528392524093440
44434091285627283170570930688
44436341965969229222086998528
173693851224697287283026240
225126231650104166644781278080
44471810122577389829540067840
173749612515657881821385568
173883386041288631911911840
173914809643926208187287488
713412094663621508996752038943200
174135436470370719260237280
2574446395605963521668031131939968
174248270263959044102516448
174279200633168658707459520
174291682474398329947289568
174301994066318267930460000
418520496046433073456377306400
2789893631408495348351335680
27898955857856170111930008076800
174437172485970022034905248
33928995727314407572453380225600
1745192136050068020743591856000
1181067164565928692463590649718688
226258485710827507532500590720
14143858738089728795287807680
493503416530435148717538423960000
174666993156560992739315040
109180664707768140985347828000
2797997906458975853200460928
2798350477033490719262482560
1147622454786140931698672090400
716511035514787246264763240448
175031476332146999177920320
175044543019540785619113408
14183930291029471542165422400
2804344916401707953324365440
8877945863249195033359812232800
8878358050859700542669957013600
175390531625205234629026848
175424885999278013004667488
124108049766641085949388240829888
2808323278467672076814102400
14218502889652952827836223008
