149740854536266317352912815170125440
240282042707050541934360000
240350406712018307507852448
615426976274906384961243473817600
240422239155157237614155040
17561464309683760194756384755513303215244743680
240521035053206424095557728
19485711525369815265735690048
19489238346754424506897562400
79940613038609710719139086797076000
240747758840429358818823648
578353487663648795228718211008
240897844055729835396453408
19518310857962222730263867040
240974642878394973330488160
312469150271640592097448086400
989127329203971262388121368248800
1003530164146606811047686007046682866688
61784933124722816070658318848
3862138891442821114977970560
19561372400904939279174060000
241503738449544138266709408
19566088623320588126229872160
19572172312115338975816716960
151094371192813342918391728800
3868478161813926699424420608
241840068985837783388329248
1586860391331448748859373350048
242105219834966260233289920
242133691384760883529575648
3875942191478893567644614400
581685820299263032037359049760
242288592814491272451051840
19628171314847574163363778400
19628677877108915011049658720
2424105170444374212557757590400
994376863530224173543267501329600
19642020879059049741689528640
69288034540278217866836823411081600
242742610578243813977940000
561758231143277172769595624146080
151804340655709120328225390400
242899196259451211179260000
19676169363597752722059671328
2431481841355782488021842579200
243222349919839420182849888
62265880380615183028865318400
243263463673961835103966560
20329045682384732799434411374368
243423787397636380551234240
243630931339612924239000000
998105381072581002878990960640
243713267638931103888278880
2953267276035474679953108051421248
243880795685885748108570720
2440707302687365448218461859200
