52927229324536424768162265600
5907471898600508344951107938400
207016301904277776704552640
16770554533905999577149960000
268541350509279620662677561600
146579701226480447825923043460000
207254744146425227865119520
207272048483802702573336288
80978072879567236596319588380000
16796078884611115717890693600
268793552327666616598503437568
16809286226509661983444513728
27069814780864451418151171922400
1469527020532609270618586264897952000
16832313320773850393231612448
16841477256711240863357727840
207945904655031776842440000
26269941689551284418980844610054400
3332651787970727900003040000
208299886443334706890746528
21866584749970713923089672945920
130191926467248561988013253600
16876595673447986654634657600
208659910107294430439617248
40456446637242276264610579462243968
53444510667851926936774694400
270624210996602244578803060608
4331687096774780136109283304960
219174743263655201236137115484160
271010893220320698741306729600
1307083193382842899536051075600000
16950139898490051709481115840
4502912230586678210245972571241794208
209312241463960702746840000
53584670963132966374744032768
209370770900738144158721568
209418101546444365697973600
209423707022698581882906528
209428066915361566706030688
209456719332136202259727680
209502195506616109444065600
271619892962782695755959167360
131023544473425115633628575200
3354585220430882231145364608
209686044519988429421160000
209704747805825873058813600
3355582719557055404675351808
3356420790724225530356568960
17525191542059713307749187266080
272271045916257144439956720768
210129024652373034023930400
6001968367658109430409999160000
131382395993815696324805498400
