228817871223933524268194208
8795407169963406673972406640000
1502670068588632589855307453600
4750680343912660748364205985280
229113547002723306580034400
3666341792300525469854583168
29863384008486031919553556652448
297005062591313779658946501888
229273491006978288067260000
229322823961649310744992448
229338158798927569544226240
143386528680854519909138721600
3671376511038855747981840000
229524905453036703894557760
58774196994538227803162884608
4764029383316419369701277736448
3363743115645589827062389366560
229829947620429874629907008
18620860198446533685174866208
58853457792012414803587158528
26926528863807821289870695494312308000
861895975952770254291459475435008
298116675388930179011548757760
230293765860986341619996640
230475072659605382521926048
18670089088012927136428785888
18676739837704140465706319328
144117369389822648073523581600
230724125677152703454764128
59105615426727022822188326400
231006897867003966333151680
59153620690572598271290825728
231173868742449416643088320
299625167600183133022413673728
105662833300757978740011401359488
235881659346419120849275821768974124000
2312261579421016741737656860800
3699761288413299414204227328
11707270542928914415808967144000
231404692248070480033697088
555730920115111083072284764608
59256722623245913435519449600
18853836774767073066171735713637600
18750377984921320729362164640
18750722429297048178062351808
144712528666886212933555332000
231596057729680215654551328
231596729396398300917222240
231669278001589372064685600
231732436030363910476506048
144855200573233256364025840800
18779600103858124612958157120
5575214107022945309517302240496000
145130597343087380427355461600
145199928623367794579025775200
3717703656656161114903655808
24395792508467838247333616519040
232415904669300523142126400
27196001482178866376171989778608128
232518285744188833393456320
