133688906485151496524928168000
213978449678584055849891520
17342527896384885000312660000
10840334538034544104842652209600
97867799881228191550011206805888
214205776096083719322774720
214211477413386559079859648
54843915838618780125272337408
1449570121527190476439464658918848
959925388761164002956509798667648
10862955284823653486097612290400
134132337905535372651060542400
17384284086268032860224586400
214638131806991343819889248
6132156016344987967795231525920
10871145968966592421643394379200
84894012839406261186514070747460000
278380265308751046947638043520
214811384186414525718193440
1826712421772343168725382542417280
214839317458276316463818208
17402018997562170469951860000
214874237878981863481904928
214918053154197022423466400
214952348043417508817573568
880578639175040769385339803648
27735929381162368393269597544373635603200
215246563452873750853500480
134567014572064147670861104800
215370567417002686160355360
10904225532883449015592146117600
17459171220130849583462289600
279417200332592939825936534400
55217242347476679577197242880
132608751948050661998869579074048
134867337888452073088213394400
256063705188218022746278422815328
3454788951253835019273418368
17497849988868431647649992128
216047490397887050870354400
226613429906684923601118509826048
71704154668678959360224566775808
2162659034826562296566058268800
40563924750365501086594183788786916608
3462498850779828785719422720
17533351894119274628858282400
1420403516905862788492799140128
280618247256111824033080925568
55443197613791793796166550528
1421345910491974383191464321440
17549492856224703124529526048
135419648555071662424809566400
216757323227531321436670560
17563780687038681388382591328
2288930528460802645084048603178400
74259081312418460549695374919526400
3179073559791623763368977711680
217160252098050500466252480
6204571079868116791391754757728
407321451523039154842526107808928
217402278902502553818050400
217461215495584585748652960
217503503476180536315382080
522246571978476984654197901600
