15117094803064333882693635059328
7292780387350257267761149483200
170878327680338225515112073949728
7304576381567418862860707714400
144408952604906308468657248
2994879820330115859062665382400
36981558243372917708716654080
7313364744641334155123630424000
11702063317006710079128911808
2311589712915775598295601920
144490033855976646615238560
28101072800898048370548079798848
144554168780669987755730208
2312913866732642845026727680
2313370473242354366087541888
2744642246961394515845597265993600
2315424151016608475822536320
144714127451032984115396160
37057890277917280776245910528
2316175745941146226489524480
593173708030010005272323389440
144860046104226865239902880
37092713661419871339827880960
2318503450918136193477279360
144924304160955917459765280
145071800479543644698877600
339924762688648938915670976786572800
18917770695541423396692247191840
188194489548559297611402430080
2324076651224235961271584128
145277158833864721763719488
188348181845918189215565996928
23259477938374451984939442201600
2847872564471114780798470025869471488
2131238002782706173632127429600
8342642732792275463279171370638400
9545868287254840978157135339520
2330957643550662891289644288
145699441778618655819645600
91086647512012786659934524000
2332540721879466179165072640
145870322008645866733466400
2334455158846329908013617280
189116209037539342782484174080
146006659170319067317112160
11830902413133556458501064128
146096494355521351955536608
37406255864208399553618487808
74014675707726987025075845049440000
135046813532953068199087300107840
146254400439980792932448160
146268675365173681853432640
146306746941065864358649920
305439786437478747257707688822400
146496739908949734037567680
146591090800512003022845600
600824854512854776067277662208
146778498020689826041265760
275095019036350079889740704848960
356751895865988087262607577953897088
190352904511014295446617147520
91819961446457491140386671200
91821393705577947260250578400
146924542526336959025809728
37615051082924279789189933568
146942686376579329957770720
196390974105153875440117109750400
190508845319713948012261417728
3471141694983505212423799304956569600
