42550842974038268892617496000
5689379251432967176941941486400
997383192585288301573696083168
68127052840441745415877920
5694332459616562626645747801120
10916413995524092223640337958400
5529201077278178358842312928
68281984629911100220418400
1146147520571113148994476276318208
38199473667033739659626976718976254688640
68361566844937019853017568
1502235588685485373607180247824469600
1033407895068377240817290518557618216768
68476761415380273012098208
22725515987849103975526167982080
81233428512372132276413313114528
1003098531057722869834990743840
22731713081046177007499770337280
68518784401787683989986400
68523903907017138740407008
5554897313321726837998610400
450021376497521649488349240000
68616373795386335701344960
13347388909115911703271849347808
1424206689033738651634225847808
164923117340612123030205420480
68694358361885107576211808
651899682093317564191171695021158400
143496759639727737632938157215488
68831869958581153131660000
67616233353105899115936458847934653108480
165345549704743677933061490400
194624306616306774273084107090400
48739235833812649699261444105440
68923839404150039574266400
68936018733411734131502400
43091372798373261934044952800
4519573363253293029289979289600
165604803726592944199629501120
69034324359411352077881760
366514950556579397154031006064640
1104886301488094516337564288
1233053327479470685447452419085600
69089616621916280417316960
1477238359526231229915601643947008
69097208347440472170285600
69104529532422920668498080
1106100976700917164017778048
6328117395816170896338561652934160000
5601692579458174129626564960
3501512988542863526310946747200
69219575574130961612532768
5607833973039113569337757888
5609549774472469069947861600
1108081305388485593074562688
69271990777946065189642848
1087919670174764316391074128852469888
69395950132110183559269600
25165026699273675843304284459614066688
69432952652632167624506208
36926060400365275935617325941088
69516807180940011921241248
69538327556681350811785440
17806999706367705337176253440
369562555507532120178363906121728
5640693038981357665924249920
456971693839548567385910480928
735904779585246597056195564539488
197048551791779237563330744479648
69734692990620137877972960
69781937143226115560639328
69786034587656989322400288
447694145232835425108249207890953920
43630170749634430291045293600
69815541514534969528803168
69817181062562217666360000
17875743088822788324883115520
69894272399175050939491680
23192374571423493693475726430208
286698009194559456426658041890400
1119053522222827737604657920
1024617807334812902329907474400
16394594695159115833676342072448
69994969854489139027260000
5671973194873113412210998240
70056591168248616413460000
70063988459116022205209760
319275572870190404245363423045748983883502972000
4014835989676767743681091078101088
5677365667103398430364627648
70103998773501725193994560
