3541280684265703873183788288
112050827625058194806124874179120000
9844369361020423609095029854755069206400
221497099325752907277609120
221503595172845142106361280
376182426381035014170005675289909600
287149978692443890382814000000
6644900977599259631406556901341440
221612096937378124472882400
3546144472484138011326000000
221644590248141160706046400
631479079941213428321427577389094560
17965673672880652529267534400
2218054522464554715460008892800
221820766163932077796546368
138770685487383702517268618400
222086854116735795795854400
5332695953745907184915728992787200
35543923787299571985941503833600
131572415989094400662544715948950528
222181245931081923049202400
3556798869596126205204954240
3255505878376260124553987739360
18017873217529417881407858400
222456129877644812618441280
222608011543418813328590400
222743010267741128872386240
288759984008286023390478908160
3565315646110600322815881600
18053528977005017083461050400
18056066511456147437279216928
222979895398532344848890400
222987729536816985343830240
54442834850868890028611330857500000
264541192013727406671178703378400
1631070271375174154963787236160000
3572252989571038640701269120
8701255936643177388955828210365600
536377711324094312495307978528
223464040766056606902579648
3577310870217306945001440000
51870524724004615556876106234511121280
289816584078405249500224262400
223715243834548869317630400
3580787022311122398257839488
223855329080049285464166048
411013498451826814511794968164643360
87472525945605939044105203320000
139968354428111000886910466400
3310495491328161177062137089206400
224075408732570238655274400
224082616463347577316510528
224345489745051061683587040
140230523935223811408830517600
4654674278778287556965011327488
224681464545489936932464608
57521543486744633612825034240
18209748702962841307878767040
23603981406763513183500955080960
57565931677014536062587632640
18216151908031737822898134720
19101680354687672050460805073305600
57580733447756290224541017600
3598968004343220172258729728
140608037623237780138368991200
