11045692408631790779150621978400
2218920886283814194872485151899648
33884246030523599461852128768
33367765983094365901528164807657600
75584198844542997305068453562677458382848
132499295324870524690754400
6598758679811095026247427304967680
6712942378657424298772199140800
132634550150225203441478208
37129514939177330744527595989728
1328155157260521554541018288000
132861975917984321934525600
1503732399583794233196723955175040
10763732843383194769779000000
6729407591237238814358119567200
132950104460934971296933728
44110808163334284785980399319040
8727722368266815971042102980220800
2128440477906345392981769600
873450032406445183836856514400
133138465481621244572442528
133212535030783423077944928
6637451316434546649864298494939648
874707815825438474058621200928
83333164900939089952151162400
2133550281665234056360982400
2133603557157625874858160000
10801778572070329042385439840
546573917649519484832901040128
10820023012288257119164201248
173316574371293079624509351040
4233554585969412888093264963300000
133813771533059408419762848
133892130482951223523140000
2144139692849654961873506688
2145623067193936329964325760
134215724977756441089478848
134279086083813164073024480
134451881294240437295253600
322885011213368175755134451808
134584157588999516158023648
21543944053226562362713777804800
551949990440382020248897013760
134776489570224817440447168
71687256215485954552330956628320
34558336366067196227799360000
2161011917288957304843849600
31650058425621477985175427943680
175115656364632327262166651648
