236437306938526722076208160
19154313740206649851609686048
3783725520140523779436539520
236503484277609972988437600
236760138047398810309199328
7492495735595990016592029789300000
9097094911835234042228134296960
191902399057881195965434460448000
496888870219969400078734584806738688
237008799681269612287370400
970814811389886929779940487168
24882928150680866624636892458880
237227565056534837971773600
2372395673491250160984298809600
307462508829131659183069781760
3796179965728456446903568128
938221847430249251335680541102798915200
237482754554231516427416640
237800489368983955254361920
19276809003163174223685038400
19280788731460254125066940000
238163809185251169027577440
2179465020944021384105813806456800
238249558459322477965225440
308846198802887802158312504448
238539905770017393680493600
3494419165572523966512248606400
238783782608973548841000000
309509579745874563806415184128
238821583068106715899521600
238899947402307144584931168
149326819018642887873260248800
19355889470003910601896807648
238966641011501176579154208
19361404116512915823515504160
127081649410826874966034136111808
3826390918560037429715874048
3829518282242562273079613568
239384997437389185666486048
239453169942120928397878560
3831457328659148664723443328
310397733082236225372951277440
2395320685201747179734702544000
61366085812506852608713674240
1574075268582449016420390908448
28103647580337102085688292915600888000
1313570380935556951440151536778887168
20046433677833300537728277316288
4977095866169037356247060446208
79656716878624997639492912640000
240157091677648893753646368
240188152297812222646029888
