4451678732922933411223800779922791040
248183434555948895350353600
248272582968561043322604768
155184251910546214575692724000
3973100136779570901490665600
132018781496236104393399454973280
20130166940725152055162918368
24854265454206770584139554246080000
1681538459476377190953305020140000
3639804276393594907067860309920
20151513473310392486905706400
248930617178115660886190400
58973723024633954053951787326838337213600
249012165477253614137940000
249119272363684976069953248
5328556985659814257504826454574080
3988976825134598257638537600
249407426465794316114767680
20203055983979595008666905248
20206679738742065293954538400
249549466165619287870284480
3994164032019841861753898880
3236225975386584804271039737024000
20229814226331353695502708928
249778277541503819387413728
63991726336031106078070023168
12655949450762798872322954047200
9604730239762524071943151653120
156273024221843550221357522400
4000847234180890861896487680
156310820262975974125056679200
600929603922989915513887701600
3664736898305584244586621444288
579097326919203435701083186244160
250341025676479098002193600
250408676270790258041198400
4006541669068482091498903680
20289141345175595865564355008
250792050995853013814761440
325112520249444368963540037888
250951801428053872291860960
251002452534903125014292160
248152873549343891577873872346466566149088
251110914485082299542440000
4018131484181380665285360000
251134466788709191413105120
12723060191146346010351559600800
64347929548544907366531056640
12726316650786436406601545320800
12733607986627950272547918280800
326124347870748122194292640000
4026365667775532226037934208
251909761155106084868304480
49000779120655540091473059947328
32837660855820310504117808829600
