252111559807796135559000000
4036250781795182646295466880
20434413878725364243417941920
7210079027834994798530823937248
252691868536714703504522400
253143193915265083843764288
4050391624791161534234824320
59313849295524795834031832116608
9727743025884429227106264080640
26583380792424903590361882338688
33006301519987048566312529897248
20522265271038162657622916640
253363694559480806325412128
253438424500912774377540000
20531325991451265672854241600
158566344225980709311968567200
253797214481119902525279648
253849734718772789467110240
20564354112635350536810733728
253898665012450464185258400
4062531200759815592053085568
573574429513852209561506301028109568
59491696240297550385163904434560
254180151487381872206710368
20703513197043904641346480434216000
254223367047713949774261408
254446014457424348248500000
26861426317904585789858705095204512000
254561358593559729409370400
4073417253078546619854088320
611346511771569268014965517600
427983916429409648451360762521088
254906904545184366278683488
20651396013911484600569110368
254997858132223888095086400
4080430686066778826368037760
20658608344745276605582529088
255079448319625264703087040
330739673490728754635684534400
255205843443212874422379840
4084591065773943944139761280
31041799202882943922868069337007200
255391548847791803609822400
1675649770787042395096339526688
7948655420516522944289328987469555200
255593989142617135974350400
331448168933040827569068599040
2127494256510815995568743388990966400
12951563910560486911967944356000
255841418749927781623834080
20731343812913577729690050400
255980405311191308970222048
