95114655886740417249045408
95159459250192553018068288
95270501892271201070837088
95273606964035376390813600
1524895295599736215475894400
2706842411327386700346475929413568
1831197538220998534098256276474351237920
95435866218834255849758400
7730575656807734226454398048
43628238546095460257298668522880
95504975535037105241582400
1528694941347549561762134400
1398984068181690157508494227360
59735469186640296687487636800
7742661809913680749297275168
1552934533882985102625725471416453440
37346817184892799676040567220000
7744679102448276214432298400
1532418551498655353004278400
50922717337175974577929185062688
7764125063327399034266090400
95868068812779204287861088
24544566114933533226833730048
959291067943303913026008086400
100618938599501332683305736929280
1535721490273347939231790848
96064756597800311368853568
630314022000680571131390318400
96086976681499770611649600
96134901853638307824249120
7788408945861294014426866080
1993983070643222870189987255808
96212384042799336699132768
96227677538994211735140000
12548304364775226018322286963040
8046167137942209685170377528640
24672604979528074498661380608
124986359257741338059696082048
96490732507832156869615968
1544290640790884621524356480
96565293000329695632369600
2004376571163983225630987481600
96753279364315172793343008
24773966367450861952688739840
1548464358256785759894685440
96787837285630509869529120
96852789323423503789589568
78456705699461589093520045843200
125550453287213294024343593088
8243072172107494877115707832125913600
97003422103537021663500000
125724404192710278079343767680
97011465447038702455779360
97020908271133738163160000
1554886459084316033184709248
97181191595924345486697120
97205356286181741818813760
24885680805738289161361497600
5573719140836328218631200330894400
126105476222554042955162647680
97304163173386268754122208
5659815989326566130412591691263095008
7889769799150303860505236288
1559755439950860948946502400
60944105458393375033935319200
