1600765831496848983525807360
9093327800113682706394840382330940000
6010388676587895339821063914142164800
25643820285792809606626495488
100249782838906145417391168
100263762765210894774196320
100269498542543233740471648
1605168231134069569271985408
188083503112411742902973957475648
2081093558895016919450084160000
1605811005613885536573515520
25698888717102736466778137088
130148275204860011118372240000
241128971259543195741593886240
8136047966113989533291486400
1004600122529522946928696540800
1607855392267713443790249600
23012732214757741460344817449845600
62863280658316406459734622400
3724522516187220192813161236235520
100688515818572441010866208
100695348711131727742190400
8157265170655171132749065760
100716209165903813961288480
100746786377385401103291840
100747865700270827552081568
100770533484225522295270368
241962640379345729265084062400
36564727771051559407799313323846400
151328689882127151545465485634400
1613815894209162780468721920
8173358459480375824285602720
8179925050525404175109903520
414157709380288292891278896463200
22381815098417609194584567199579008
101039960863221265926201120
101100548188114748825930400
101107762779432249660021600
101145645718967750013290400
1067786828321956593791808542498208
8194385478090071519114309280
1619333701530585470190633600
8203422004680152157254661600
8205187289930233276179246048
1483413785402926665708479519328
2893796230777659351519102711360
101392325123727807734568480
101397024710767444081428768
5133342727318282634000306988000
8224946686949844422642940000
1625832946884751195239855360
285820842195656190410976939254629197600
101628591069033021887140128
26032648098629838844530240000
8240533291477844065703314368
101735099712599492661614400
101784397327328112253069248
1628685229399413965065173888
38781663328308353136430742942402693603520
10698284880447388865782378414848
101929131218837437509960000
132112893535157157698003760000
101983582357802784992340000
19840450285620267972462266518080
3919231673297955589998471471360
102062030320799584533429408
210122485556526491465569914141819840
26135169570137859744920486400
418341436320501694368726435840
102172515225745937047389600
8278732594897792528410026208
63889050573833017581293114400
1636335861508257525896563968
102321302532666814362258528
82896024409013814166716401030400
8291367362194329742441796160
54409558761724590926811485811648
419390553043829979534759782400
