335135874726306243899020911225600
25243091407063440160329582518400
107766696381300525228660000
507865193029666502387806675044960000
76247707928178011599753119612480
107863981968355315975267680
27626911048344404272090567680
8743415288422429004139000000
107949587134129122245209920
25922382993372227365150475843046849188014080
3084117227680524831938055307680
1727798192542469179564151040
99737638392065695644069555264288
369626520125560625033831949540000
1081617169855790244559180771200
8761105735267108967405288640
27707683479014038607508710400
42790285113670006554251566105744608
8771242720601321748814511520
57591163355957424533785622699808
1734210616122072586063238400
277652505395020838624692722585600
1736741616683947588726851840
1736839018152521975812393728
8797862043916767203677682400
108626366230481291834930400
108636264165784675559020608
108773763099364491990507360
1741543508869492862528319360
1741735669426993922005365888
8818311531296233308716393760
714463657765145395392743311680
5225243487250421561649011035316444160
279003731227636398893529190348800
8829157607381625195703664448
8830734365043796540936408128
8830744671344052038841669600
141302922196561815943279335168
29274350420191739441648924704112640
715838389868066036473844018208
1746868876720143658970094720
27953387208808510830551705088
8303147109423460466249901850053720000
68372738813841333901893326400
109399290642700765059038400
109402352327014431043920960
8864184479719115782077429600
930784913605727615871728864858880
1751786713055115338364642048
109568928184896171476677920
5458218984773680755989927741580288
1754336924462842692921831168
109650945621327302233304640
109706160834812970969599808
109728022616594397675934560
401994080615508872054853576082809600
109792860087282342696354720
501732453102465077671589605587993600
866401717661230745326799910786720
1757875653374698997426174208
120582592596191158940691107964069120
14334511789498755354167439372768
109997535723039951559560000
1759965182874169310392149888
122380978860314945505868468598493236448
110034046397598555001893600
10155218284992073976348719175902080
8923119525963849557459005920
110169407290436938215203040
1101878560268956308210990172800
110225587924169921625017280
9206648640070594376176956725568
