55700030294494680319425973248
217581047458782815172276288
217604763394089468023852448
99459640630798857262213562167680
34829740308621820249686501772800
217744534486071855055493568
217831123731290208890351328
218097467208067446883966368
218098109294407741683429600
218201503685419240297243968
218300437063488398976722400
282980589341483688520858151040
3493652644187457902458909440
90850774302262596880020947510392059840
136577336806804004679756302400
283509411285503550838680662400
18275558555650054081647356779968
218814274454161922310662208
17726841325556852825083250880
17730143974736624727500101920
1436153865264633438660631860000
328480940393902104049144473007200
2190741422118866795776537632000
56085631633587578015090972160
35093104628044804951051084608000
17766782148136774708185069888
137140935536483772811941909600
17789200078074443736875242848
17799379621971881313270290400
219974532644356158026291520
3520174161564621943166260608
220097987744414961484839648
21158244287652568795587035101880640
6293950346474954657757148148640
220465428293070348871348320
3528205557774556494486295680
15122736300860549110448123077493568
220585852069012081733960640
17878611708972007890564507840
220739366738349628867370400
137969150370052878258582026400
692074486140406509919951586853473166000000
3234364783158076185671380454688
6310063312411729351878546397248
8491340502942593781346644628608
221118638343561808509660000
221134857413721208293960000
221218561996596767115995328
