123773962047384681337617600
4755038194228426127830549868160
123796634606587284526792608
77396150716196618858326552800
1982239708403219267550240000
1239388499446776393773401545600
10041501956165288052870460608
124055910766398940099806048
124090399496616265694176320
124120267498265159899998528
77585264816390457186787389600
124305906420144465193665600
124356035119419756809690688
1989994868473875473819651328
10078209134293401171252389088
124447063761764451209361600
161370322881707071345870621440
298986134442899453504490362400
124540673044455797775478560
124576106540815629597931488
10094002475836329153596814048
1226973632163668707135751614737856800
777107973882091215145459132974905280
124679919561674245222985280
124738184534677925291589600
124883513656244379513710688
125097090188819832687703968
6600217414870146060612462353846446202400
125130102654824641798770240
13135989680887158249595327255680
10455250909733523411902846581440
2003702444863662688034198400
32060580899654142223417082880
2597022693816017628692766140928
125274926758052200355755488
10148046903805143631342046400
125332976343432535619763648
125333400137185313246698560
101532521229965089463831815209600
125437261998451276708628640
1254502174616332217418442118400
3012637542023756672516803100342400
27809316987689752863495012698152320
177821530569333462239196738104348928
125591690229183824031173088
10173901054333952509330790880
10185057143141828680655623008
2012230782990262925505663360
78615950561489226977155077600
2012744095459800470903662848
2013536353074487480037124480
1843605401732397566384629886400
8256020961468827168825106309120
1844838571150948274992680538080
126033273932741322593160000
126089884000914869217781920
126143106334581187626133920
126223610497935533775119040
15344076396867078943838974856500800
828347555156325346475130159648
2618331101576835329811112842240
10229312954578708152221698080
517648182004869597519661283328
126380469894984393916478400
1851219804705390108007671272928
18088091972006725714612060619401082400
6402060882809093784953835597600
32392350761506425818919157248
6405949610203372630199052040800
126551561890523061428582208
