138081883744665096476940000
31486378226694565203644563462424803488
35358019373088292736562946560
86337527539163001946097167200
179076362983698682151310227328
138257879539110388765802688
179216552662106206803264984960
907422580000571713517374423488
7010314864175716161811235172000
138476969034512248684310208
232652202377921083582163241753600
11223726556732348372467600960
2217146334862858222047700608
11224503804744898349594724288
138702720421308862511378400
690733800385280552863688775521072935189579200
2633036449770901216330902653846400
1387655822861778295473370646400
138794196195721725792674400
8713154144011758283415663321618400
138883428632718747623685600
138892583109704666337060000
180007111185141055719051641088
260379571582733991930736675443360
86841455634487506689827941600
11264407308624136120339979808
16906066185020827270217420407240800
11276324797679884439087704128
3976705038457662629820465909600
180470277221436487792851585408
2229223219036093895316893568
9131010122491017413846715801600
139349048815604792276063328
165294976412682910691215658192160
139399989584642894083980480
914990528557720206061557861600
139461504253993132417427808
139461963395208987159856320
11299741751392980049938372768
9569287796604628762842182159237088
87218435258716355411363013600
1396011124318259160386475004800
11308907815231199938259721120
2234568533863201551852617088
35779946608807984114784279040
2236514331543757023939734400
139782260704538304433361088
139880252061439515442121760
139888075187330120310319968
32816538005881257034250603760000
2051219577063875155829003999040
2501313741924811276533955016527200
140195276933091107961845088
87631152225613132677896378400
35929021718270947054074044928
2248164103141961402633760000
140551932013071687312199008
325306260680831267490619311290400
140645244994207711904599488
5407625947467926340291137397120
44069062894239707742865418664274982400
36038714134145927986388006400
140789000854946619089154240
130024367815109061196713385367520
182532322376319087794358823680
2253957913462236278536638720
2255260933603390359807130368
11418611245111574394744934080
88119085466206467939894513600
140996739855031876907128128
