118330199059823742662676768
1895636919206981493926160000
9596905981852128767933627808
9608067253764630494813581920
683919642844364486072357319322848
222397725717037147185965224235808
118786691679907054874790720
1901158673048407197949856640
1087451929334047331678291610703200
46428166427174096823765939300000
118903159642322012603199840
118923529966233201794840640
118932493737885533491500000
6581664991688698544988069969990808800
1904127885906116949393793920
154238673367648285196271730560
119035205817000176816940960
11437844948898656712766401222551520
119175115253104799895285600
119197153043288841867200448
9656578367280791460332844480
74629318578561845039219748000
9675029767534813797894602208
59787052365756868810422496658213329440
9686767250225047631421659328
74745603150776978396350334400
1913566980962654620681155840
119598447766362575008990368
119657378502503406273540000
155083698772004722688897760000
119778991922900718009855840
2484236594266218839566031546880
119835120928122883127903808
238693209429961833867787977153342367180800
30689161272768214132253575680
155377447455683880028532649600
4608578757147070245429013676160
277559143810932928419319513500000
73752687360593464146121367769600
30727820355834464224999641600
288308423012809263167579505120
120090613366688705300371680
9727683215331266235335446560
288460339610221213069298864928
9732172138912495652557222080
120170666793804650991646560
23371614988015418962342304304960
9734478165138926356917566400
9736174686387352183694239680
6088224427503775608154616805600
1203712015937993069922282422400
493327657280348873128117770240
7179004741312653304317146556586282368
23459324076977315911436865395520
36628114643171096776390608474240000
75410069768211589798444058400
120700435641701664750002400
6114300926853782931461546155200
120848408009429917092838848
6118720326403845279581594145600
1933939087847432126722681728
3453689976562083494431736867040
120937916866039439869226208
