64023939357217256395183968
1024638101056948062126930048
15007503400464558723537265649280
262713055737216228796272535387200
17743963479250386383872620282360000
16405514586315183754824000000
64091056541502624619903680
64106177993353005182019360
1026114146854028486063491968
5194933052052107581149113280
83217693795171781869621658368
83696907044965550821134784757702400
64253944987474663237335840
39500264789876278960536248793600
64302486648765570763917120
83381007981725902018856160000
6887965793728202096311611554316738048
93312351713471218754157448140956944309920
64347971234622451793823168
40242935337745041940281328800
83453422279494056124302368128
9520320184562079631371970449565401600
64460630048411630035709280
5221846148859711284815863360
40311288339489265543703044800
64511864061315514595921568
64540970333567024024595168
40344321929101572938485221600
83662098755901206574399770880
5231673160269670752002640288
64595603362175721298510368
64620096394339702496420448
3271868444125149715511804412000
5235181690032942122831162400
1340831185706751601136502555648
1035747353674654914614600448
64735177858154408244594240
510912942722491418854485541233600
64770042218799645856810080
40498295020994339763139752000
5249477662905750188419372608
546312484432940181229865824371580608
64848344612929851148826400
84051468636807299051409844608
64859979733491412185645600
5254258796758795419522985248
684912682735925660628804350405568
64903431351120303472832160
64973310042359312830428480
5263495268984756599217808960
1039737640027092964167162240
25387227063966163908740723460000
16638163946147190079035583488
215712293149396718560331026443878400
8540350658844768887653679598301415808
65029771774782220748736288
65089899901234767485515680
29756843327054355077694391156608
65160448035587828213642400
29810808270160371113224481030400
1314607102633996438792617701682528
1044485481090179750077204608
1864766582771017904889023201088
428385830140020395315179787328
1044882560220962456794846080
184547231174115490001507832138528
1045566799678054673971193088
3308730850556961211326330187200
23027953011575612411749594649666208
3862949278107958005670377348307352160
65413803283410852818354400
65425514410773355446434400
65427856824932306053723968
1046846750286436095024978048
65448681048663892743862848
5306926405943947147441737408
10309995137145971944197011557785600
84926496592141995794924194560
40966214917770223828838971200
65553137385941670023160000
655544536552345683176154412800
65571905870868683417912640
1049364285405662728536983808
65602674046907537505266400
65605282017053810084040000
1049766927784678565419426560
1050766732576718828190490368
5321115259471062571152207168
65711231286626312193977568
152096083468176028154237044735968
15404509614862637481878952612480
3329625764903590355827069807200
85263859615428608774667160320
16844906332946118247588930560
16846529053950356621362242048
65855224775821080613973280
65855486321957477910330720
5594779500727548457034570450534400
3339470325307661501669511271200
66004956437938647253016928
1056191439884393096011899648
