234142287355967639394149083680
1562607515269408007090160000
97669208649801722412212448
126651475254483245293881252480
641353135516098603524558599968
7921185084997196385574992960
5605228549215347361707875692742848
1565984470630021314708240000
19035407752355434870280386055520
61184768456757885306098018400
97896826707811516690235328
97950358781850311889572160
97961983776878214332652768
97965154409646653355578400
98118846153452246541073248
98138599474423661727533280
183963561433389832765706988840000
127215705886833268542012860160
61357705066861732513897231200
98207053686296623662829248
98225761321262716709533728
98249061357764903978097600
61410650504867568762034850400
8348004161775701130301672212725760
1572800007826343681136705408
236018573756311872177068141760
98312274747714248511903648
402793340250399137662653265920
98395664155560277464674400
25189799006197257027360960000
645788360972549106724932289440
98432782421794599207662400
198988115410120954135654799811122688
441235225334128631928764513744640
6458413742785613025214789017600
98584900136314560465789600
98662795948252555824050400
98687590657087341590990400
98726917561520504870293728
98781144181114842204646848
98818726047241265476725600
61819922495491184575161998400
8013329845982874388372063968
1583224010043152977053088128
8017546841244963634069938528
649512662851370142140907554208
61875341626495756809544581600
99019225431471886557525600
99042311285839429991870400
99061848623079147041810400
1585704463035879364609114368
99170244502715712788193600
651023583723582441215880310560
134862818005662528008489492072890368
143533029851202189132886548005323200
8043114386535598382439218400
99369141949046141009999328
25454308132589940669706467840
1590984745864667933232507648
238749134125018686228382692768
99458191050788923520363328
99589736872596196269896160
27871040455041327811224695227680
99643604883955542184563648
4082622462978542856302544694886400
84111293792645120843237541923319296040000
2067991960014072309151106726400
8079063683956123722840849600
8081589943508225007973142880
7148512951278241300545402601198080
8082969029731045887709140000
99797838035798231208715968
12137575844140697170006764733828800
25568337261996874589186342400
99892179727686288587937600
99959760874722646058642208
25597631238301449465212505600
