3250494656548516737142543488
203238269213924567290471488
127077822318025188153634255200
203373498392329362012508320
52099558517889822847138065408
3257547897097183783538373888
32608613169656946023251103577600
10318611477591431041826320437600
144198707413209809223838359000000
203926079434096779921137088
2987330876877062448624325283520
204110523103522617453995808
204141072202792920075139008
264976005199268371077979303680
295662612319052271957151574989125600
204571567680419360679537600
16572593871485970385322612448
3273661626607484946553125120
1342573756861500721757698390368
204654197818790955447141600
426788018928918584725656868560000
4244422994560313743699328048640
204714196857757397462197440
204733178891919902869017408
128034184482413441561814794400
2999350651976055243090381815328
307434452493700233722811287196000
3278516695219919799725730048
52480133566027751596680711168
205007647315896218421122880
1345250457355368550692951000000
128164491990135272433579232800
3282125970953888605778246400
93766648964279139957612865146240
205303254012846131862773088
16635462506966823522624020160
205457930771921917262536608
205503982393913237301081408
266366654316003096680134197888
205629896326835316573853728
205637268690706736950727520
4265246924803454880467071047168
205735585819698292395082080
205807502532981260870882400
494183034781761858457616424768
205856072343465385315507488
109443980265981182172241203545280
16684437728063114970994440000
3299231941598819668412630400
1006537249628793656283903698846400
52836328686394057564342184448
206402613218215883604934560
3303055475959555067236708608
16727229915712451749897623648
129078892395887438969299423200
33051092859627883256740320115200
