244160899823947902312124608
244255253487416172705612768
244260845673771114891262560
9384839598994004418172636386048
152706897360903091734367624800
19795020220053720363986193600
19797909150891499737503037120
244434251083948818340140000
19803517978130609234501541600
244525885553639713725775968
1604510804820877522005879000000
3912937494477936630711108480
6992828938018370412677983951680
19845026297981693751307974048
245085343788506454571377600
2452027836275735599330940649600
1608811774891272714531605398848
25756563338044070786769307747968
245361574961468200061439648
291044758249882854542771364330720
3931374054757227863411674368
19912853506688097477781099680
245888743458387538446540000
246128390468303931147933408
153971602542734461409092056000
246366805516145026278165600
47923404158281488059560837500000
154052962971648430424169520800
154055162349566518281600271200
570283123765621259274138104970528
1617398599513551809766978841920
3944686635814271644248456960
25890010925889001434601885545600
246760322432550443812970688
14802796955341648071442598601166848
3955019077792550678859831168
154497715625521066801197201600
39558736935342811215548018572800
154605746145599003365175371200
371464008661044048890659984466400
1903518605949637302124451633310422738400
247749356426470630531240608
247974100987878894149817408
