2601013455465823873532977920
162605967758583553057394400
2603094989923057351768563840
162714182143455052969137600
13181504924828594858654824128
2383637781356622436141864647840
162830701766509888955677728
162894143605128051752388768
2607253550590579812859977600
162956571956225038259906400
1069437591773826089265867443040
163056701138760197267711808
163141898863222495071462048
163173404655371621988842400
2610954230104503416576792448
13221620723262392378383245120
13633733324894019646244665966368
163242113433092496728278080
2611942018533970857122390400
41793767463867064809751669248
132289731119746382177990016374400
163323765592260463712396448
8937181216835885735713410380454528
163402345941314619553355040
1980434383550492104187525138760480
163469575312334842041213120
13241468526101165878949181600
2616872747170233883345908480
163561144035669834549902400
163611342080339754030336480
13261590330648782754734589600
163891006355640071268279840
2400040068533271780954933295008
2723197649092937604208189247712271680
2623274050694595525402341760
164090615445378508070851680
102618438972817948134136696800
164232266881275999456273600
115943566035803282398955970286558560
164302867378164158015980608
13314406995694035394929450720
2630547206277730459099331328
42091897064102785699771622400
75175047505812754071047319811968
2408566500918418509236803524960
13752230989268493147446330912448
164706661247355813057353280
42172845587933882803510440960
164815401950632028988507360
164835699237643902907766208
164867970578652770758710240
676146064421931790063381393989600
164975749538594391498410400
213894022308783202409789364480
13372797115417362072404074848
165124227313056544454781600
103211632208909143873053592800
396580367002742062813963953600
423008256490152962706656468736000
1625110675823287001141683190673408
165275934321818845452547488
165322353552972122078460000
165441314845095321435207840
103410412038981495410011358400
2422573634308058720967077920320
13403226747192761602946174400
165492989075937499670086560
214614987500887679868960077568
165727501944470843913332448
13425931332777814564528821600
