39483683081217310311743502054240
141182928327384601300275360
2260571390682035211927020160
2260957161866893601605747968
141322458782519038210861248
4036806928894260125261285149248
141371620368484030787541600
2932506811866242796381470274048
11463454833534234054118647648
9276199357958190771392738992128
141567930654022970205272640
928868490472307010033012298848
141581396763364986076814880
141596721435658725418274400
929114949791745593747189998560
183592171738513744864319975040
141672898867904345706695328
2266779390441114264259323648
2266868593465034949852408960
64762670525042650688185072042368
11481401594238388905817291680
1417628417115024548817615993600
2271064106208674561199714048
141949532382908757003058848
11500713772287601287402849600
11517119340586454730816360000
11520301913815179228653175840
142228900591523138275484448
142259190217577133886286688
11527764047713421830749349728
142401849460226992510593600
521647000968524205303465914450360448
142532948015486038072561248
87462974944792283234448781279073649600
2087743773090943405731140654400
14975184236509430006928714000000
55729185574414076069980988760000
11559061361850173735260989600
89206074267148108744723687200
11561117316265758728385355680
142737474290403663664913088
11564864146920822014612930400
1307464248080907695399078573121600
758521658069415784200146798297088
142932398970615056756635968
185384030542504379643504297600
143244131494031646746199840
143322847195739442405098400
143516494535092316154229440
344610780250209753671789186880
4101768376972300776322326253248
11635884888323482484035779168
143718321275650406897932320
89832580226692952958638316000
7280998685716282573070926152000
2301434190879200413683849600
89917733767695694539085492800
88454728230461433620630965728768
65772021916059785260372730218368
143956562461398903772670400
11662259000437985524328570400
