126619449433057461939960000
4865327860988280626049575426688
29668471454779661741908310640000
10260626859647923884077066688
831169324497991924808007575328
126758725650161269573734048
10273712833876424091121317600
77984092945148187015321173349888
48752080371224325963503220578112000
4879068042520376007504242160000
10291492386245844290393363808
127066736655316544221914528
2033138009321434004088240000
1270962624096860456611957113600
5773567671019050497327517636125548251648
213652485670148538862084635686400
127262529080097552219519840
127307974949083998548803008
127313549336846948981838240
127327700527941500224677600
835744424478974358470202963168
538622435404676374555719855091658400
1274296024767421366765361260800
522672886731004456506102939722400
127479149204929857897433920
165376536477923175164019358848
127719255019658986094769120
23939731217052973474059076126278048
127776002103224032291734048
50518358119503857414799419594643360
79898598453254256864224906400
32735471360930231331301094400
2734100385731848165885523206026240
127960130290457757377000160
296062555392902240838282208404960
10366490692344973255802612928
24890211268058922911013936801600
10367536827388183879297020768
128004471204521473280205600
128025138867495616625118240
128060882606753793387770688
524670688926299587423402137600
128130238187462207779887840
80129990227383472977553024800
2051426723799986290230966528
1282199036861645039784259804800
32856374939293921864400985600
128349690539112796969251168
10402837897672560589944896160
6502943518638160816431861912000
2055509500314822504713526528
10407453584046500200193912160
2056618387777339902342240000
10411860899159778744109510848
10416491252936223450244774560
10416689564526358177373618400
308925060277476571690385429568
47630302938798937788676791355383974400
1287379992006460675889875996800
309143045503849562204408703648
152788404143544547854433021178400
167106789115657610786406000000
2063121817821858012160233600
503867327738094603848361254766000000
32511848902829267999569101307440000
10448970372264543356607604128
2065474450056603483083467008
847432273020551323937620877088
2066722611459167021912880768
129198233823106986089119680
10465806148378064561279674080
51090677179256959980358831793466048
10472445426283072262268638400
4786737359456204746110616950085248
129320540633776156038660000
129327482629525076411215008
10477201417528035628137395808
2069918399273996334977222400
310621111778734933649310922560
