124956242971308512250648159398400
1190395667143975630757940480
14473455556608027818768542737600
2126332502044943003643014570400
95781216834579228153968187439562613600
488741091304123587680883205920
17457892299105583103833214160000
489096916727396332804416485280
46640632709741127979025918400
179197534059690444923809557408
46651441635768101566814186400
19113949193846160735937489920
1194732752379102553755011328
74672018428612018362952128
1194861507241645725196767360
1195045460811852849952798080
74699324332294871219731008
74701624118639532211251648
74710248790384198852612128
74747055781059221311694880
74749931899849430854182720
1094449738181497130742922987968
179525989858803701023170506400
74774669947840715050244640
74782150101211658201176128
96980541634551522394137202560
74904789483745166368581600
46820462708416058302128261600
74947720064541837619343328
74971354161173912534954688
74984903053437655712992320
1200054842375569965319793280
75057290997491580787067808
24260713361771751994639833149027760000
590569991581953938227280551495513849200768
46918669061887894687979455200
75069985914594139333331040
46920436387056743824896744000
1201494919448196202887504768
6084954797720691173894061408
75139836746618102269089600
75149076867968940072970560
1202531930289717898459881600
6091559573972436383781739968
639876319517450023133363323712640
6096124452554985813362608608
1102159471860211384205076897120
75301661943307652812161600
308600965006561777558040506368
1562563750975379132515912742400
47100170204751371687492385600
1206399488360459110176687360
494816379514161088719989898720
75479391970834671372435168
75516482776232033096214240
1208828403048568303332240000
141640608894092192589222121661280
596370340492393981919263374659520
75586644931929628968189888
75591285474567513760401600
75655985282836360718533440
3831986827993030847995781167200
47312096550356164183724020800
75714918522353776723812768
3834977317311142193594715381600
75755582191459116904492128
6141553417875272113902477600
75902397968444409873258048
75916363832441769937750848
47455620600090885425677557600
6152376468278810085802925760
98452705597368307736420862720
1112486373482439301377594821280
1575677219556808842661306487808
76043017367593988272370208
47528451824351234379256574400
76132789673719934762836320
6167307101313056056581752928
236944432727247752354992665362688
76208633339979503801312160
19512501226740136169508492288
98819945475719684914638027648
76251831189260411667660000
1581304525536197460651382679040
76314617535389141148794400
1221383293167034386166504320
183307558323585192949327394400
76387673661594278208974400
19558584241949867395146843648
6194919023277474142644783840
99156851482386555486198662400
76548874554964517464039008
114881223079845691051509662551200
