85567860578265299737089600
1369313686988689868800254720
1371209434441138637035337088
85739235071173480992119520
111129582524990295265878003840
85766334496577465452742880
85786424097781093984817568
53621777279130287305066718400
53632741477384647013600164000
563809001041290419265671948448
587563911537583505333777589239062678080
1375433512316942578618967808
39306205730360192950050884035968
309976206652915982482403401276130400
6976286588267315383944237120
6978549550640227671509764128
86170397408791371288621120
111730098285502048439148394368
86216483845718526472138560
86319925520418471673140000
4370148443461512101626417608000
9063859223835958711536329897088
86365751394438197476022880
1177616564007300198926455170102672146522400
86403258860875810446146400
11261933951805679660366625108640
86442382220137374926489280
86448155643590780476500000
112054027486212069655359852288
354219676989380082382038251520
86501413070451607562975808
86541853807032443759092320
86544742973573252493373248
86617638099434579131057440
86719189910215069446367968
30560984947816779318007895058703680
22215065214759173067496934400
5693728743364093864883659326096000
13886055062672210503368563481600
86803777361265892760021280
86808925361929005488892960
54336988470581473734886567200
3342050939522060680337332990080
28864778936891254975195454822400
7047608507116902360775975968
1972783328626657605442186876278240
87052429525831550225980128
87083709825365331790508448
87093063304159807155729600
87183734315647881846314688
1395475671849730811071931520
4418279075220941578250507551200
87277060538407426188060000
1386872298646594255316001385259008800
873360496629274310004656131200
391153986235660673986611840236160
87393419431687605186482400
209901155266615468568815758240
573601603431256931131223781600
87462319871727570498075360
9181904001272894846147182905600
87511836873803923890445248
1400193274495905875474183808
7089988436666171566861998240
22426605569405364418974102528
3367080282180495962325751075968
877375020599094973100527670400
22466440856370327100791733248
87776282745925322557821120
7332261229618105451902873083840
7333641874501467753949660059168
87820415258048737362047040
113820481163284347106577145600
4448885489553805660194756400800
