21964301187913795216947902556480
1807361129558870137491603840
9152748211644604602373197600
113031531622455583849538400
17160838309887208139720090155140000
113050750519653424132605888
113106852334928679494410080
1566540326206545246459037396500000
28970387359767830964165631488
1035832782179454416072593202210400
113227757931641779122698400
113420700692554102478868768
113432104203947339851418400
29047617038131588974761894400
113474580017654578321190880
113497002617020276007160000
113504084128203666548122080
113506838138711029083960000
27910173993097608175665876526622564852160000
1816258919622824943437558400
113581608995834506738226400
262837676575911991048050982140000
710124929081646386369697076560000
113729291453972112959546400
1819834153865966565949353600
113754510306331712589623328
113821518249435694853322048
466934544776492780178438208648800
237465303850949461295934541848960
898948332628824701821997789671008
1825363288485781408682384640
92409091122568021278682082169600
29234169878147465398796528640
1798976505197707388363893864275648
114215886786933254036868960
114217467897050547873132960
114234465867584231453037600
274539425002826571758278500000
9263584629779273230474128960
274645959772069536119159090400
54908840447309202135834044485954560
512674715780585710903100606779008
32057464643997443591668406545440
114591069213118474102304928
22286211415367164855610681465280
114653292956017296774920640
1486477832394608586258711926054400
114700473055491276490537440
21500671702717844175991335596612640
1837018013019866568499541760
661903464378031346645040815820480
1837094204786286264549464448
114872665054245639188875968
114873062033736386308848480
136279573361628858184980528700128
114923486792705376346723008
114925472359029694149081888
114929840695508852934360000
18406491191382097048019758924800
149241324521579139763818030720
9332123188670597381796540000
9333670151289348318376803168
9624538321341786649872090855360
115241106889687855281280320
115279711292089121804241600
29513605861987430404703935488
115288468278923043634289760
2392715121893259350960129430528
15037872128240770170106031832768
1846560367413155874499493760
70948303170864633298854274329600
757352047418648319515154884928
115490415288108422099891808
72194813049459282138493524000
762171371385640249237212151093924800
