87912303166880450033078688
104335978647583130969637892496160
87984110282823657337202880
2513419770509907632019502690848
3242114810324660974134736999385812850400
1827759740461594990013782637568
7142302219152669312518375328
780977771294584896545843915922251880000
924969927257011556516956518177177600
183993801376465778671289543512320
54286176758850084796521625689600
22616316860073863046805440000
88346088050134765940290368
1413583052284811088208894080
51327316448091541649947064484250529568
308147786502667177236944562868419648
1223950514474825282113595463286848
22635017825462138325299363328
88426642748325887184256608
88430557739557600674827040
7162963266076937059788780768
22671764723261131841947161600
88611768174007339536181920
9975190105179758072886790764733248
683264236007170217348629601536879568499115535328
1197905617029860038777113279644417035488
7185196480584576687407834400
1583902616024642465886859530314400
55466011138442387629104237600
40568309479195994870549541894528
1840914734535420408459756292608
88851523182464000657339808
1421633538668861066414511360
582998763492288414914542431840
7202296719247577496934140000
889756963104109695375495187200
325903129116583376259050403349382400
115383825271280337925904150400
89041906303621651619903040
149570937864746719294090551160320
89100622946832223800937248
1426729798060796593944475008
1427699187480555372749654400
89296007094409307337565728
7234263311536976376995716320
55970721516890645428222459200
1433001453613193839740240000
106231188817801067846655259029600
1859221745608388321245107230208
4540327177714707022212543876000
89696971939138600352369088
17456511201435055264909767024960
1436971331426882177040393600
56162405406356723318204133600
116499587205493394040756290688
589814977203858872339823122208
23021605261964003152895001600
25167629855462436296514464018400
1866414225356012651128617282048
216123049237259548162089799488
90017590653452682420314400
151222469132591706597014015382528
90037761161991146559889728
23058864112508235853343943168
825107747727012503729180021256000
1320342753697257681274265430048
2067644576953634049262555699995336000000
