78770344858202432480197440
78808342733473477522515648
26167558098567401074096151040000
78874797232792747998704928
118458812412570673402671195156000
4000947451082932671725210452800
64016183477388060006564577046400
1639964135420067541990596945408
79101417039478391804705760
49322666217183285786159696867765888
49525768021028195877473438400
49565218055290785696811855200
20312924092474419438653913600
2267038237062188633280820316448
401886700048297252936471120025328000000
128689716838157285588303290404822163346400
726743914525684293735326933796000
79428414385305978254354400
355673636602244339380114553193600
1271250811086987607010830080
79509418150859583127341408
4071399324670300539753081037871092980000
183956019900736853975825099319840
79529904746133730674732960
1272580921903876212282542208
79582645806176434927880160
1032317937519575456788706774822400
79693940064923517306407328
79735894171553238182522400
1276347990046229594751417600
272747237363862221395420847954400
79801423983449776788718560
299119519356003796673255915688960
79850673396011880199202400
103494730651195829475614531328
79857926768103226611710688
1169250995400103841716841832768
191779937324002955070682908768
6471250697972416266132213600
49959087777887534429346477600
327818921525179695349379384623200
354344291892750183259452761569334400
79997650519051275785869248
192079860477941790999168770400
1280605316864469860487801600
4054041712497149589480167217600
58416474644634718970057902229605670400
445672893886258975952905955683171008
80245489805475118587718368
80253983482207107310628640
6501498255630055939275368928
80291302977688171352913600
20556719739707345412542615040
80348672931849940654523808
80436456799781859419316960
1287125528095511049362853120
527858130668588129269727322048
1287516995913744293013085440
1492616982261877265088743631631908768
6521492224322865334748301120
50325870644163158056707472800
120836379305812312413510369295200
4078142717947727679180574408800
330450137136083299830920142696000
135370763973215165249143450283520
20633276061705148677495948288
6533923461664500335668449600
393838237632693291624527867618400
80825817454890255769414560
50565789261975735448160172000
1294903481672424275603073408
80953984078221007505151840
1295374892576365899125688960
50617311796756291078635950400
