64080216651227682816751447200
102602585898660576478873248
4419460876497773064077082632610528
102823792029070619339004480
102832194680372118076161600
102933797897721617505964320
1647632618072959625264390400
102993771784938530913059040
122173777680572446853035419888480
1648569085753113970292870400
1649224850610509383937572608
247519476561336426373102952160
8353651002572239941920349600
1510066789635589743214004040000
5221757285660739309995665836000
103169089482136623583280448
13454481353036931570364300453440
1158080158690290804738395506707700473600
1512072797463370671020192366688
20085648167318541480738639000000
103280105331029696653230528
103299899736394590130780320
103304298879514285913925600
64578339619344680450633272800
133917097716252456357125708928
103376538234828652903108320
103464229730627337261943968
678890085140711238260572113120
1655678736228756994410614400
269474747978634050586155615922270106640275200
26503230683768507976128260608
8388672032989605239969280480
103568872003790184377493408
103630593043563607282994208
103633165352075995537264608
5927085971093430661353550042863614400
103671388148321558016885600
103725800355813327878030880
103729477628655583975583040
1660379271872578091437569408
249203345063771470867264582848
265777696702021993446840826521600
1038267585955924661489614627200
26593588310375085224248539648
1662737708323448674575926400
3993587419408728565693882166400
134734417692437992487803557120
4938543764051717021992065745703520
1665001339210413662831015040
78278246628514370946409734165002630688
762019200484967665009488338500608
104224224384472636544802528
1042543234132138517088593558400
1527241596498151095500395557408
2163563275334692813163212796928
1670032022761074446442535680
104417369960477508524230368
1428952835250300471097537401761715840
7351499010855735517763831790061548000
1673341818455292408612142848
8472624207306695880169699008
23191600016091843392721316143824640
47863415189640809718955426454400
104739628710692471174078400
1675900735018842793227782400
65484866168015355984735492000
135889556065531811522793410688
1677798120087513419980857600
688017429550145094534683696160
2176642861094303614553962434048
1667554540201507309690822047210916800
26887350277844397234929438208
8508008435884085626519296960
