5317826193682205937437698210022400
133170448192035743811823752761798400
159544990757127086219444448
99749461521754621234015581600
2554095488865986848497824640
159674541451621188913380768
159681148109742994802686368
159707068517585043333597600
2555953582000016315977862400
16769813059662585161062518414720
1048773982931307927710877621600
24978785335963547743265680897784852859835573680000
25589850165235090481302643788800
2562821449879284914031431040
160218497124673748387460000
2566278926052055799280105600
12998083419251200742576626368
160660685745554828824156320
232328056024493205011682087988807200
2352566092450835544632871281760
160694384611815466406406720
160787850105381238229843808
160878801007485576931771968
500745105374916693861550720188288
2574876578351375507768160000
1822062493188301793494365970631808
100644662718327916089861806400
161128859116263679618900320
1057540616484826752468225000000
13060654587894465967955663808
1613193081170644408589715052800
100849391567373627582661857600
161364865806299380970163168
2362614587245206928189484330688
161401236934638366211898400
161418656271667734843392448
209289286110748144339564587648
13081206565429201674533878560
161501673654327010625784288
209336118038934746254132117248
13089414761032357484777109600
161631388308130481134920288
20951274895816392602324303911303680000
209583361356041386238794397568
6215646210392101860815992646400
10603889374891797347239259381760
13110610577005264126852440000
2590484824128019913949093120
161992744668843121184669280
13121731341341765311782281760
101271025418290090714413112800
41500316515902390031355036160
162125325156195125187075648
13132470556621382579035472448
1621402584038576857298003308800
243332890631485225270025454928800
18972316767672823559788340693760000
2595874740714351683114381568
13147591543158546922460882400
162329493604766903343017760
101465452475408208155500411200
3369264028480830554066569471488
8482269543984463953743181519516000
