984789474441067593643845689280
93893103740921798749725777600
12171925820275007682707330400
11244607241490038701640898422949600
18822505972291123945743330567859738130400
150425972982209934863436960
12190238620403033994393473568
2371710649525193333885552940434400
1457801708921651064973227310804104000000
150565977198843997736534688
282243659695620600893333979432480
12203106650249681109008894688
50050813701275325373493268983808
150890598327095931858066240
990819395717037389992521073440
11792941916533115216701653571440000
2418891881007267811282123008
12246091231866115592843360928
151197205937235853664011680
151205986953313477332840000
12250951879071745890681089760
2420047159815625617623337600
12252849109459413789123709920
151300162997479247005087680
151320663093128453363594400
2422984053631634167466359680
15903363131030467226600528146560
196391921495571296379918633600
364108621117853425387011311328
24277467499739996217138923328000
151780509296316485927955648
151839715317701643186152640
12681826501871691145902200961120
196839825196249792802018505600
5838566691903366585187638695808
94994796936424043011739738400
2432030184554679406829184768
12314033999214467643361985760
519870624703863164360713344218400
2226566235767698610119219612320
623001670580983374881691076608
95100503458792738947338539200
12328429422565624038136754400
2435636891976739825951740288
29609890363515629791676962274400
152321835801311918252194368
624158294687132854117010626560
571218892576762823308575471651840
59535507262121587596753621900000
152423894266835086869626688
7725245696371053779622701968800
152679264806025554132150208
2444340820597620850152825600
12377598395846926609981662048
152887235488296071981676480
3170859242345592798963836966400
198312180916464964451121713280
198329299071736625267053265280
2448906319658913541809782400
12402470648512430989752364128
153126442732932897380837280
