70157463931962384431419680
70220015816291964769189728
373513956951687368397413769581385600
70293595184099487872889888
2263027620966466855308140466563708678400
83397133259260746012358731345600
288068210422073842271806310400
70337550721904782692169248
1458528236164908140559091411968
5699374751134181173713100128
70404347619760354059589920
7391633631670561153208151777408
70445328911081018630863008
70464312884200030471790400
163106388062439306262646671677888
8405428655671224202863417276700240570368
219635218177079880404581688464128
5718701877360077578985857440
1339896409876709875999762006521600
91525570792728485693501029248
70697936643521605326189120
70704557078598419588364480
70729111917980531282536128
70753949157769910482953888
5734185516701775452902081248
18132352369412789285416002048
5737615673874364073983277088
1133464841612144910992170368
70849771750671925584037920
16598344798559038152079384597248
1133714603030464696034513280
8613368710881636351214849898779200
70892052962379356873745888
1134455288748952239226945920
70918592010503990081242080
70999084028310003858046560
71026760327662526710448160
3597567688045238511364158636000
1137149132870014624890811008
44427132030458262193402327200
5763705250145219921599619040
4076958960186545833169025324958560
71227100777318804853995328
291759200111935510103359088640
940909982385057507681624988608178080
71277876497347311980881728
2036342484865374054654617217600
71305079025588555525137760
1140980099107736455308233088
44572719328238223647803994400
92468392497526618542432240000
71367563269107667293584160
71377842386264650049642688
71382009912231741107077728
1142137720196016771673332480
13884145558305619518806257245600
1480700506166979547892495040000
71440374440045126622996288
1143471964190630357879882880
1143629927044389271633386240
714858262613483890236776313600
326673130524335720561089562904153600
1716470475599101547371737602620800
5792174417588177690454060000
171712931107073911267393689120
5794210347091734828027968928
1144858590926070522768489600
5795901102219549427164911328
71564726672498338919057088
1145181501898721456690640000
5799351390021178249636389600
71605099494404157300859968
5803615636776680244471195840
44821352224421043792820891200
66237290899224313628456713729440
5812151184704696813037939168
5813499366524007639932738400
93017707262813334978409039488
71824245381053907027157920
71846020085015241337473600
1363365179594524148446042015829760
1490127888195348991314649118208
5821163600510610588618214560
71879808589443101226074208
172711153960905357622780401600
2054854073083153371331574157600
44967941883352333732262376000
50894256343184997591471745214400
707850786812054281597650031822848
1492600451810354598173494233600
45008132585231614322604194400
72015920864510355922559040
1152754900297176302110984320
1493991864917033742727880606208
72079991155541270138405280
45051848680921456081459214400
72091186857127511925476640
270211496550806451428157791697408
72148025148898420002840000
2061295454363028128892406119360
1288374823591314417128778090069600
72178558096297425339515808
93561779025871613493206889600
