1936028464142599122146070528
33882606404435484796899996188160
75675616668344580551773824000
3103259220953227039997206368
473169276567119667739680
38357392729918626017121600
938639511014536853844383087627040
8787380050431636592540918952890080
216680063313397551530706371328
209645379659427864934009618135200
3208871837140893584441712138528
474448576658491459948608
121464837719972290863287808
7601038733205652861526400
39695353972207344479709326400
180483634744847888791126187067096000
7606063767926643284503680
635714228639723426442068598528
475736949904991113262400
475963819263089573940000
38557095548388002310872160
7620998140083600047529600
476463217464166171076160
476605974818337387817248
38607537125302044489979488
298014229848277116047546400
476988982464204320637120
38656449583335415912586400
80608714014073960872259357368960
7636370262250609743383808
477489187070812356554400
299070566996557851225525600
122568013804522641709347840
187033854799654066740617640000
122580933929264483878832640
11497037355877526361833299401600
479220194126567531072448
479278844226749052446400
62463897840594437170056060000
7671772667903618369862528
479689545679491297533760
219303533715324376407676099968
1110289052935194539976292201920
5817036599918179693371421934400
480100511028023663371488
38909640366757922363517600
480897099439833390726720
24352979852105600224840466400
2409915751071339624384640028465541120
481191173138322006961440
7645361380731177211210778238475200
481688137157363091397728
39019035238131234082860000
481786267628184273010368
391117980413658457675161485531637600
39100348114044074113370400
77268868626920953770591936000
483141999849390817846848
483364953782076747746400
302400802685090189905389600
123866771307298338855925248
627109201613099252094461568
484264108963245817211040
484612293619960219560000
39255015201764650550615520
484842329797127623994400
29097011604601243163578521323520
1165094331091733705352755520
46633178328491892003534418484448
434975593473240548672532104208288
124350979437296214277685760
485822543218404995798208
485914720132703844348960
7778297169416768621927040
486211091913085872571680
486527371222549649407008
39421175080557327004392480
486982293032627990270400
7793431629022507395734400
487153795573140073224288
1129244017840641663009896433600
