1890904779063061055925375158259120960
357086523427890012350880
357222423723083199672768
357227651432060885313600
1187328310409230045606048322501280000
5719637461225890852524160
28961137422859485371613120
223569337117295299814376000
76717902292594978675368650794560
28991657948200154253472320
358075298142846499282080
94132069877562202663025867885145600
358997906999897989794720
1471346218551234061196421120
5747808392975635641129600
359312839871583670627680
5749152456373774622866560
119272105205845735343717357568
360006421527435865860000
85037876115031731251887724458500000
92260453771443539149421568
70098837625782716676264551520
360627291071168071231680
360674678466223212392160
360790533981420948541248
5774692331098426064692608
60978492394049686974842532574080
361117186057495024925088
29255757525750244434861600
468134817632733623097398400
361433512111658026856928
973258281441086527961817990391055520
292788841323147220701055612800
868163704028300359138263840
70405037009434268349477141600
29339245773948043219099968
29340386780174294375325888
13916860964660695845564929280
362394305843313534719040
5799344694138162604596480
362494718794269882020640
1484809489108712606400000000
362642733807353730060000
2379387625887540290597134560
362727334163720187069408
21754335927716988825031910553600
362833105423779585369888
114336612711102912590155799500689600
872514633361880160070705440
363425852026967837168160
363494699982829606317888
93082611195972068923481088
227288146640877296837085600
364003418540337357814080
5826790975075593576724608
364189021608298526111520
472081203995244889524681600
5830186148205488427692928
29554053833635620334895520
29585041739072857899798048
473412910870266259538112768
29617346713310750259927648
30552115411706281177417839648
107745742339579470529748153040960
878940163808498519626500000
366080905200531405176160
366134154203456335696320
30582323893497325557503428128
228932378312184557027004000
4397521888161170832828101399003040
366517718528012171265600
3673047005750509752376838400
2411077314583200915545826528
2486779093098060300794916361440
5882659414918979718579840
229915440607346020723022400
3679585021380650264382192000
368226096279476868840000
196590022170227695258134311129088
368514972899019781314528
29866331564108386279601760
368723711695030585666080
368873630124066243858528
1995590129950740343691621247848460000
122568037028700199527433310208
5911086926988014538635520
888193861436806272065958240
370063887836297221270080
370144414407973754308320
370198106089742591580480
7918015332681186914443550292480
5926241625962862213561600
480051097811552799989009280
370547244414913939319520
