20646376347135747856232484231948000
446625492522408560718086400
27917768794755856699283040
279190673334683826826189968000
1073407984918625737322464295808
215663301859564440754572000
345421033621320207402720
2266556394399181397707341888
17503582449525115091120733600
88619283800443715805255168
28056535079919673505141088
5545213002818706786048768
216747736522274648767744800
195150369432239415582782444265600
17569546604396823677946177600
347336608015954535958720
3474489792409498632162019200
5563264437728578384602240
17606696528670395402891412000
347961522424492561533600
5568471087288199102462848
10452573716851857481830917481264707520
805160255276372034487784450400
835645508053221114856632480
8302952594664626585707521128024928
1260024641851152052659086982641083968
28223376538656304472856480
348597545037236015941728
349167627091322375450400
5590197953875554044538240
218398761328827231311546400
9989839570746230007232580160
218719670642959763316045600
382057056086434318746614957639590658208
2652649055911487221753217435992800
219122109888447776787285600
219138863384013796764964800
454512027005265947495057280
350835650010705817713888
454842882983928606589382400
89859650529322789081121280
5139495931201902442828856640
5620201944124029547853568
28458370598304193417747008
351392983428422776004640
351398147023664989131360
717310038367941742747445423425398374400
351764907766858971031968
90113182585423805228994048
5634380222188149021464448
220171051087193551755009600
28557753222426528615784128
1847719250736229373155469306769600
457477212316214817003454848
353737924606571359140000
90590955888778053856742400
353878058914841646012960
7131091105515796920183156772320
28688657790019142521061568
7345036916307158354426746368
28698897051547613314504128
354605349032687105850720
13623710327119998313420708608
757859873468045020399025287668000
354886174597776310676928
459989228510654092379157888
5678907111035385854317440
461043076817567210965256448
288233824235643731345299977600
4027559155814449762659355478400
1737665871850480075394473416288
356585073603127491188640
7362659581628520099065475813183648
