431867768577853916425507689600
11250033634901399964418080
333706654570928332085753760
139070429828464185672480
139140008528706787089600
2226724740810721290862848
139235399517586573512480
11286982326409963485219648
139366964781496411552320
7055827112729609044989645600
139387610926742427235008
39833723197871607237987012604800
2042457776975300605282684608
11302038314020646242142400
139682067818191260717600
139744118142007969933728
335615218604901210616031328
11322695051119213845703488
2047036692625990281403719840
2237447461711398375465600
86020562679378574730379886080
87499212896734732554148800
11355482773522908454557600
4005470651630366431552353600
187470143701292844250128541440
11368015393831465579420608
140381326586939651640000
575038447936086688815206400
140443609723718271018048
140653968328443566757600
293317943954960757885045840000
87961686145267419822324000
87969485359062709681725600
2252407784104820061729408
400925682249411690547613813930400
2253239950936659834048768
11408484465336891871713888
576912660154618147220686848
338362173548448120177515808
577891890835114257625415018400
4343645159085860875834155108540000
813249207971934901819329770400
219691004723601134924162270564036640
99902526015952939075115199840
326867019290834748825794935968
141309928760137435579680
183213997699458135239942400
533725178069558214099953960942011774690080
141427305553182300156960
11470483513447620331295520
141732827434715321458368
484587500599031811825663414720
141991732353670799640480
64907721700894516566899462400
11509246144593433793366208
142156674607530179551968
14215734252355376318991753600000
142313896028601269407008
2952241933113852830212750848
583245950177882823615590400
11543713364300161651907040
142526351769188169414240
5013259414358438327654635961280
4074259541222306208796309728
1729031377940338449468439634400
14271473105481741580839058560000
89203036454997149945584800
2284003387396437329621760
2284865319089635053482880
185082038688621623597642880
11571726134627770518459360
2962695808031348580855344640
142904638106518099821408
36592760263407345520954368
1595700367930227172002601786860000
143033532090961942718400
685248376532041117699310718838848
18688853101900677910192026048
119808904597108955232080844969600
143455017666922492440000
11623559491464303045180960
4098690611334850742500331328
1437982921255907886344284800
11657569260990280034737728
89985523217733670040872800
144025499972666464108608
144033435298353297742368
15158263161100723143621020928
4125199403481126588470130720
2315271874163660557630080
144815345197876455249888
950369714591546342889034560
28177019203038733891227873600
37090834475613630802560000
11749775645389826988342720
2322095904830857272263040
145230114346895539821600
7363401799181973084981201600
272951064212679191370727428768
178199079884252561986566948874080
91081300040251016016525600
597116331617370668729192448
597117698243027367267840000
145915362100116849329760
2336067112424379735899520
412748643633430584633595923648
146284315249680465950400
37462059954089931600000000
2343601296315106971158400
8094069866567539736419118482432898688
7422257973617211859938756000
146694189420901760678880
146739784104169760618400
196098980259096735152954730240
37637968081963661293440000
628567910194486214681107804373127099648
147096862403676540041280
275736156109678843299456621600
11927185106354185671603648
