421873131718669500917812800
2133502963841465959902720
5222653134904820993601600
34228252247747898854553600
5225585216470913840752800
8368258765781522140128
40893288939771392480616287040
55005763625931531137887008
8384548028463824537760
8388310463773996562400
8388624057196664688288
1368382494520135341211474757568
159392252369629838876665315968
28755757886379623963363655840
19463367461234645981328135840
266429935113376855684628520000
9992756602292921208987843168
134928120630199289627520
2159847520505734157411328
8438282369721000379968
135031418255844945765120
8441432701675637629728
2162428751170707061582848
2163054240833150535897600
11017803180347288954282819539200
8458459739739573971520
135351765383047344518400
686192324201041192774560
686968866273402918900288
8481518704849995132768
555895970053330307970293760
135859935975787168725888
34847192678606196070041600
8521429988219377769280
8526825608282521434048
136468579624385237854848
8529365610028647458880
136628686882360297519488
11090076009868977465184128
5348816927127315882847200
2005278461934128914080240000
137038489931137377360000
8565303786862411749600
8567533774725995904960
5359768188699767943592800
2847947552182440965185302528
8584751177509374281568
162937745369695050440613333120
696235387322168423736768
137610183390979034744448
697313922213834614148768
137794321306155122550528
437000840682287653754136000
5395766341328884082421600
8633674758396852671808
1311115031653019888847949720128
138263170265973953286528
1126591658978846141868852960
20762226341003326884485088
6015867731307612305851559403741888
138553274951141699214720
11223786504196158916982400
8661587137197851423328
702300010437316733565600
8671870764780984966240
22203188962651788452384102400
8676694366157844744480
247883619389444362908437568
8684416313581732809120
8685703805747759884128
57013423707475730577281760
20875581369392966569401888
704263643270647198820928
127315693380884160731024160
704489811750612716617440
521937613132779306647438757888
705438572552075193987168
139539947099340650640000
180872506743085219472575488
8726010124436713852128
706998707919352654898400
8728917583011927249600
11319622664798012494849920
57318020867871791744315040
35873959851606505985922852000
8752850908834645919328
8754146002622563276320
8757708251594972875968
2243580239693547580382208
140287940726635834812288
11364303537481598671575168
8774887055519885828640
5484426048301173792856800
8776509000961225894560
8783323627301574557760
43974090463810865694329269113600
140599408237190755953408
397480108642143182421478613760
5497574919473039817588000
7171140477175447927353859646160000
8808669846417416262048
36123037925962584696375463200
307699686086863733655453755628734400
2064171418505158184251835520
141036333713503154559360
8816479707684584340000
8842550089850837133600
2477021628182385959332733760
36259775379751211665993728
129614518190750490534288960
8864428486520963154240
8874237931572651089760
8883400756856547213600
7196876134883266935089347200
184270412995241332255308288
388294231709911220653089745969225920
8890277530903993818048
8900764101028499843520
2280306157883930340699648
722113335368151856129728
22823338261279868194066329600
21411358929304242573887520
39935798678185007227751721600
184959443327422053840514560
365925963400526383986645188640000
723479136702214606953120
723550140317691823058208
585655875679349438794997760
5585469323050291629746400
55869883254787533665819280000
2289747187843874869440000
58479458126482380978537646327195968
724749114749757482151648
159760979247722776253802544800
36689643791983273242759168
5599828959209791867548000
8967174851828350466400
726519208261319279640000
11635101622817774657157888
8979379351342389068640
52111929500905987117428342197760
5615330477622412653708000
89952142519225608444028800
186562510538937276915924480
7297970668332261968055484800
9447953714575704622893957120
456318890950531424433595200
90142305278250183819369600
730372981276766309388480
2310010033391639768913408
5641168812111336484968000
9030310341756210733248
144568502046611686124928
144632173271129644665600
9043242758792560670400
9049216249340331210720
9052204104118795641120
11731692377914914394166400
347819175461965442460946560
12050120411565092695315004090688
11738076542841435646825728
9059510863983953575488
9062833580348166044448
11763351808872366194535168
5673290476197027153069600
9096111036671152542048
737640106175181378863520
5692028810133921240062400
145803210667782458870400
9112784088826674550848
9113451487314142489248
2136364592360136228891567360
9128811772941922501440
740146710886862997009600
683678476575931083852705756768
9139843063431744549600
261534952130251398526694208
2698336950496380502411233059040
37585449032297612740980285600
9171320330177951571648
743157629599658050542240
9182725722566513937120
17210229418085041841270042400
2354420587198366321087488
8494866539539536497726462400
26193235369345693920935038777248
9200525928135642648288
28637968438104134138623440000
11934956489471033234007168
1006049776705924169620872011539611648
11955310791142003121311488
9231485831861648353440
748314557473905668413728
9239575162621476272160
9254756985754725445440
9267591755496520538400
9270633523670492364768
2374461400991860171630080
12097273109800462998607746384000
1022195025770623296202447782543360
9290592551569140246240
9292285474641274852320
148726687878172000967040
23281665997830855700626677234292480
9298043143722648840000
12051105429033308294062848
9303803488057000029120
5819199646215024427464000
12076224782446391630670720
9319743075195228717888
9320082437710452254400
11054698776626884230674119968
9325853018594895850080
12093310750503592764000000
5834049961180622360258400
5744405952852035866331171328
757118997095328956582208
149639187598361891464320
315088869723714662368442889947954400
22467749922440060845688928
17538368884649429158300440768
474022924199988418636804800
9364278542615547597600
61493670894196192396500000
22542098044627053090122400
150252579469339192897920
61614503414467565032231488
268314673898035248397586400
268441454247921996180654528
762246824104471507211808
2409255051609667529848320
150840469550682949551360
763909486762785767778528
6110543964525266121553423001773005600
9433606591415261388960
990678819466359711489110400
764501310691501386290400
35377627246740306006003993600
764575312854101526787680
151257133911926915760000
151344962602478926519680
363435755627496509167972608
768412263478006109551680
9488520092033320271520
151919534805496605095808
9495056958520554260160
876047622175308990155429761920
480928886461248924993940800
9503318880092349046848
9508829822400409139520
22876583549136519317196480
9557498694941080434720
39168146823587982096199680
153068048267977768759680
2264711103954382597146239075328
5991743468756495154650400
9589701531439738402848
153464349711047261040000
9591781924426335727680
153486543126869359806720
39347248993374787780484721600
5999286120476758226596800
777908496720478144140000
9608437256412823329600
9610520696973605189088
153911455633669954217088
94611540658173734593895454720
59141955868971139507355971123200
39440757923050283238666240
154089458269860666960000
720593804810093814848705149728
9633808806765013062240
2466488851190979664358400
781287667264709324834400
781626188771633601412128
154465438879911445574400
9660624995819537445600
9668645873840794743840
9670041318829553434080
2475742703600966352960000
9684353340570820150560
784498634207497622353248
9691690037728574482368
809767017035566860172649760
9699380571697836290208
2483612143085847774274560
9703927128939777402528
23308728939697056716135520
491972395881340217286158400
155605918696815063530880
201812738140489949073151488
12613920858139410124046208
9738603366702404507040
9745619935617385803360
21680578249729169191217566381579968
815240496186128684923870368
9761069732924872597920
20389088329687138393836150528
135508082743390890091066941600
9806824187748509739840
175121564277022504507537329600
143723956701225278109045600
9823758733500534849600
796191620694614732035008
1493344125486204773770903128768
9840361718389796164320
797575247650831425668928
824256892850343046665856320
1579297618912136914703539200
9874693982165057863488
2529793428240775870798848
23111241776975341688370508796459511185280000
40523102152696585815705600
158337025604747724741888
9897040326706191041760
158359745441219005603968
23764985699149143295318080
5575595614470268333245259847040
40616036458284949532448768
9920135809365947430720
9925471271372994432480
11775671184095770047338642400
145493635815061920208350528
47717799805080269874483300270950400
65260143013151185281625248
806376933646835337289440
9960382606166597169600
624992553616076235598827292320
9966804889901194563360
9968589408645550837440
335319062524893948091996606872389558400
9971088137458718930400
9971445137060819162688
9976801281542490049248
6235857956963858448139200
9983588828494383381600
9986447778881365878240
5320227183034724820385077600
781674130618751393710171325568
10014712895955228828480
812285059959196294187808
10035502664968116890400
65872226895185500644774240
2570684654247094125573120
13423038774807062472350918400
160735990883563247365248
926900608476817622326854096768
10051295792682033904608
10054528500155401529280
2228210701366564962048901801728
10060277460971484643008
386483015187426129707027328
161014759466423455359360
10080058318550023742688
100840359892299771604176000
4610790282901882457855363328
10090139771282393193120
288241462036694820504876480
3555967495428097276825140693600
817700121299799464886720
2094196897533201910537635993600
10100949717439203416640
10107079207806231153888
10109603926262146235328
1966860897624249238450728288
101137346640878381153260800
10130179959309033404640
10155491723997494621760
10162370237311087429920
162628343924638516855680
823396446743282682320448
10176862738991864741280
163092416985229607541120
8260542730536441033446870400
291330154453935840431073600
23612264226215670558711233088
149549286760034221788842400
10722991531506849503808942758400
6388998260626363095806400
10223342926769137706400
10230619812698256549600
10234259712086446766400
829220789993404917981600
5468341231451245771782237327360
6404925966081768407200800
10256484135603312322848
830824441309050849666720
161595798643632665703935744928
2627002038888218050894848
1338657227611650718935408960
10272537323648142549600
6424306766714980127244000
832676938651533908975328
102807353548507062897187200
832765699665879753261600
10289705855085340144320
67583800226738681745406560
164818128118417438151808
116573729742671726813846160000
10301407375801327789248
164985005855945346110208
835253890452640063450080
6446019675061658840786400
67757040428764910539837248
10332538005463661695008
10336205065625731215168
837480197280945468156480
165454111728309779029248
838917284643679862612160
10359329994904143533280
623170187949281695609282631416611645600
10381021839546296291808
10381389791264958940320
10397220970624438874400
6498861740664516829032000
15609232920920930175362570400
166466076276858220713600
399794284107436295800920960
167053601297436783091968
76365131865186363488016000000
846070598045081451889728
167127520781468682634368
10451848121825262474720
167316866446008453793920
13554504300507531635715840
10460356762377525778368
104637061514878822993142400
25123694912573337428130720
529865364071294490064190400
5444058361230080829623292113088
10474055474858001307680
848948696766922919289408
1274327778406853802431386188000
10488880024388087356320
24278429403639762800838431328
10497782304264733877280
10501493259534528525120
10501864409166386738880
10504462732061619000000
168099618471436484547840
