940560651205990216751527200
421859024627537579821753053600
297867268585878390249600
18617417054642010290400
44712154688809413981621600
18625971869919547560000
4771078707969428266790400
12287126178436988323249152079324320
183459752210514339871476049920
1515723537514365761313600
8737979117510338455185155543968
197799681903378370384530120480
18744329655763157234880
18746049121846732778400
1661122184655426693514717803840
300576961089785478061440
876327962906969393998581500786303328
18812625915583666830048
2756300372106536284885305542400
1234316066378962015579299840
11776436267496705954679200
18858068409718688637600
18869009886953167827648
18874770471208336802208
302007850194838193099520
18878803664920848256608
24474709402968712835420928
276687675631307824561893600
2792811095346182526291870917875200
1531066466043734735047968
1985363948159525861520899328
124119426072311575127494560
165581163368849927023502509427558400
11638889199671416196487214080
959094615596139674628530400
18945733599053370389280
18951511741156473837120
728129285592750724564522368
45522602501101261820037600
4857007480910111665628160
45561675906499899115089120
11862908560776429143301600
7424510945619519828103740000
394183715713787326807434240
19015158572848878675360
11888312669019231390504000
27856714102667936339881085688960000
19036603039902618931488
45717425453085655013511648
19041242065253630708640
19044141886620279274560
1248855096300633254755491840
1544001040187724071334240
19066191354476277242400
603373238748761827210967340000
1545145325173501310109600
966082388521878770017262400
10142282825855125663918920768
19095814147169378380608
174852953930062310674689324000
1548534880203030175449888
2006984318387442795009872640
19143515302038946880160
19145262159090919378848
1550781957217491876997728
19164485478068505770208
11986401212265196028325600
35985654473252437800526194528
19201224736164435534240
548448491180180511022584768
78702162679504489277626368
4918894509582999041707008
12010032502452875994919200
1557017396010317866500000
19244446219866771304128
1608073728560084547526580928
976070389236976839757831200
192906392799942551205168000
19297111180632075201888
2089626593851611816756941069568
193126679707970265941088000
19313517858839207069088
1566405787624898871163968
46502171415956418415880928
10161158822743717423914099141287520
46551349532951043384122400
12125404990108833594444000
997696556914703844956082569055918497664000
19438079572613518090848
311261430015136285313280
747435725580163429769772288
15500455159700231437469200680960
12182479743417972554481600
19493502145811404737600
19501766700514928853408
987878861538432372904536000
3506000906811428099195022450914400
25300762623411899316882048
12215712246901262012474400
8087098456894088068322624826841353600
12228728326802275028378400
313189467468487088965248
688410492394354624216290682560
12252791036566139127633600
2058581630579165721412951680
19615967529422267508960
313981217557212478452480
23297104196942149568760419808
445419794614132467240818031648
19670581410750766903968
25503536264072728877608320
1594247890828745875010400
19684252681272722817120
19693767332466372705120
41080324324412029352811295488
1596271371327215272243008
1598312859780719365728480
758351810762729105243384448
19749139552391377268448
19760466505583065749600
19784925478829688278688
2578583682908145043940268768
41292836599737490857549054720
317034157420583139710208
5074975231763193532435968
17362432592238571675302219033600
19844676737326297637088
45669195317119716254891960799840
19861431315284212233888
14050372313463298059336381600
19871010121871084061600
1139074696751749744131510533280
1620130632590994183974001019200
318293187263646867431040
12435331617534575134072800
318715295698278293894400
5099463927496638332766720
12459623485860762234372000
1614861203126389229954880
1615898709961270898230080
1617358549675263626780640
19984422162807734194368
6838896405240794846606830737408
106176599743587729988284702720
20007283071848954040480
25939645519814121195112320
1772162734821246529907880961248
20993370003323246729013166080
1621744004099441649712320
20022936043439556553920
1621874079376513445160000
131431516954176403850846688
20039200771966324634400
20051857965403544760768
2614241054288711663635105728
5138891832179941697210880
6664830313254924272678737920
20100130781325247620288
20125508872877594540640
20153331490903645040448
322455724476292423567488
2641968663529752394302197722080
902550837973111138142326951673628002400
20169070073383090860000
201720675018858762368131200
1634512264225846665660000
1635101117762017499683488
26167311368559287245434240
323075851257963254825088
12623692294175240604112800
202069712352594887141328000
12629375970808129790664000
202190405115531433053868800
323624049904828953759360
12655849261641659455130400
32945344546033383107265724939646483520
20275850705019133364448
20285579015131982001120
185628458283419144528316381600
5197215530948301550169088
83155915816113975923877888
324946468354378550706048
20309306437047824779968
20318437908706700363328
24097134383879679336125545920
5203449264874076563235328
1647799996562690212958400
180818967249320645072780645652960
1649264930703897549831648
133723434326832618518910528
48937621145385387266324928
326272935498607035289728
5220972631421570585049600
138021397550184574561957174080
12756735865793107474759200
204153903847020532560067200
20422754473542369167520
12764450751571837135742400
1654474162002212573114400
3975580571937314772086736480
20474144567139900577248
327676952281270298305920
1658918317629270965829408
20490070662109450685760
2942312623315815719970907406204454696960
20501101861692852285600
57932059030744302492213434400
20509071608814488406720
20510297929967212466400
5252304302980987411737600
20517657011820152939040
49276780729238381450577600
20525631585047097818400
84186760205301243214297442400
1664448792584450867513280
3289751516334265131511641600
63989905573900400702143552128
1665775507385035743802560
20577830330081377905600
2165637847779430255493031168
20651075755973790494688
1674301925694380210395488
20673272510088412500000
19805206334016559599613297699185600
1677451473844943797260000
7295840411651391614901516957888
20717719694282594823840
26860908977497722249360000
49773555327469951320584640
592627381345575648100173600
4448248772872248691225816373568
136154293984639435356099360
21813327549084843362297118720
49960810732374934937226528
11064032696502148898343122208
177238110699688265298824987520
1688752905778804805660448
5342055455491924961425920
1691620726901715665108640
2193698270958372503440397568
20900578512360361185120
334829861895697369114368
774615038641199250797339152128
662531628522466543713317640000
5364990880758474107297280
158936967896132157483176448292800
13121418774854215350033600
27247425669077591775657600
199325835877925377272476904468480
1703870826556140328500000
21035858913860911451808
50525962512479722920865248
81014701667243193145692639685728
138322210091466653581376160
316708201956486846170977245360000
132025734742919852268514080000
1712407490916606713829600
2570125911519747622085982302400
1712864808160311708096480
2989196767403496566548371202034880
21188754634908730998240
62480078924643869144560560221280
339314225731233825058560
339319255626589201117440
21214527690844259986368
21220188336515172239040
2766786841471534510437309600
339837634436937710218368
51000393564796420015030368
339918212566744871840640
51010974279280320272721600
1722030403745914770039840
139657201064248636667459520
340603705351670903627520
5449719816252890235609600
79806214437512366753648506368
340770194350832022897408
2776147264065749337891338688
27619692701352909363360000
14323400371509123650536368020160
2241080349951268193275065600
21349432312068233308320
5466485997129839977497600
5467820869887731526090240
21362705194671745597728
2243170526412601376271469440
2243465554326238635124844160
5983023514809920931723860448
21402560977117694932320
51392760567887724658354080
140478515350699561875000000
444010844533953178519930368
21412691954619149389920
1734445147467046909860000
27775958707227340299811968
444502404755412588237657600
2815868421749421770127574553760
21482439820988530063680
27855986035858352133315840
825951618276118826116157568
27865864379477802726000000
1744641564214352642193600
21545358460381327698720
21547267240753183053600
1745706628284517546195680
21577824978920647426080
215886234416789372129366400
4331621569038629956009335789408
731633935892478810022836922151520
21603952108151041514208
6048441252283826754394397088
346130146598960441591040
2631120237583275420494149629600
25678204722675298678337006400
28497478722303341887514147144340000
346620530713018110708480
21665220640152013797600
21670971238761148970688
21747755329957255679808
87931595990852478962898279025481088
348048667551350086535040
