37725895764353352588530688
58342543693351507457010066081600
2161427911410547627269880128
78464303556905983505747313600
147678167176135008662208
53565861307748593862776606761600
21625544451785941680458368809600
92330190261319489873735200
147759040003684817587488
147783308327812676283360
147901996503676648117920
147942474717342179539680
148050457240772945171040
148199029716023468516160
355925986167527011233829440
506861760605239027575196262688
12014923576509838728944928
2373942057805528964823168
198332701570020957713555760000
2375305515404761966865280
2375500342995429865060608
148718559404223055810368
609279548338356377547233280
92980600821797613753816000
192849594056687375347190400
148805280306139152867648
148867634376665959126848
148894750953476828253408
149111816952569151595488
1364722438377035317638912453600
149171551687988087834688
2388668069037845442658560
979720620343223601430399680
9377517527817104294184304213920
12111810396537627651072960
359253813625271581238230848
8978506128418210253001401364480
149756268169512044766048
8582128591710430288484037848160
149895220224222877256160
37085310857253149400373929729028800
16908142470184142450148852628128
2404729398504342497414400
38486770180737226971299328
12180783016653677230968288
986964128042012791786916640
2407002358868218993596288
94086487352404295993868000
9871227078625211681735467008
12205957007920685309445600
195391966652068381311650688
7635309922321770883164328800
12218669534039850692249760
362237477904880061764106400
150914419347118172460000
7642474316115106051356091200
1510652789986130685980716800
292071478141077141648553936476159916800
151229695287235873154400
151254389881450866130848
151284576270229811642400
16382562196606834594828622509440
738575564443562965517095545408
1713036153614494434802107879168
227314314652178242519676318400
151504249587324099866400
122930029181670594369379372800
2222821506479356707585962400
12297976450366877554616640
5836031311257312388197287040
2431384372421195672160000
197057547533880184974259968
12318793239757603713428160
95089848524910483438535200
24351325723515726067368115200
152297054905256884503840
197438056490544548468670720
95270846896496881907776800
1000913064445377230655826080
2441113736565414732052608
152636595336689925421248
152697385949384540312160
198302344302625023237245568
153032058963771048341568
39179307530493049638816768
153098505713904913356480
12405988960862164197330528
12412047850885916243408160
198603838437353591466182400
153339556589046683301600
95859056868310348094750400
10072235287283367314417708131200
24563740102106630539752268800
12441101464439258666882400
153736384957110517568160
153739162689646808929248
103306277607621841329221432800320
39361047973804224237849600
153869758584010699828128
39435060343806899474723328
2464707962750350678521600
3195634166909822853039651840
35275708783613601810455480658720
154209140477755282322880
25160422592477554988912367879840
199991892722493249354648960
43192602015901020431030475360
2470588557044517947165568
1044961638870108595804130416608
4414995467480571518680293600
154590918515102359569600
154696938619062344995680
2477015745501463439441280
1417395560936620044038781614400
12550657885615142527112640
184078524482009409101477205600
12573834166754537532071328
372941103245206713178449600
14921205933122802000193390698528
7867545555693473102353773600
12988059900082012669846789440
3736232229534778645484670345600
155647968099690202089120
12613996583881660073066400
201855752105103420173654400
97427953110640803713277600
12631725784322859421579968
