293489610532241783774400
704793900070933274195683488
293719753324979825167008
293773924234980240524640
293782953448421956833600
293900352164587519342368
1560692534592981962087969660928
60969561608359611364810432665600
1204730577325789505987770368
294166887455124010922400
30885431449943917004136467328
86699348504287841597822853969600
294438126175009483500000
294600959415811905782688
24611968761701503620925495008
495534849584177689561119398400
442774949200533604229630328000
4721310999556379847661440
2950828433979632839513507200
882368444528023632067249446677661600
4722506933330089988649600
295252967860370421501600
1322357798002153062117435581568
683254908178378907349569467968
6135762913246467816031342080
31075888525620073729998969600
799557408740692744971898987919048620608
1943720557547948492986173600
711336484719439697266921248
617761770319426124248190901888
98312930705875036852684615680
24007509940394514817055808
46637909415956556110121459179520
296996948440870820976288
384970479426098643534998400
2718345388016467458860297755200
4389770540402911405914904844160
24071749467368300495280288
297292916308771408348128
297374915737390705832640
4763231090448370386000000
715470380511260846433090528
297999578503295391991008
186287956061155593008551200
24165822374262514608582240
186474003524946907400904000
4774037765589254548547328
211271811474835462980951052128
24205800315551201263078560
58195705582001855487197793600
83849924199037550790049192128
299851965038077187736288
117171727305057495036020340000
24326155718352402291000000
4805650041683930314507008
15457228281908615471863088718502126848
24357275895338322480438048
4811564913271549708281600
58532892742099656161423059680
4815940282933118752380288
77088446509019134960124928
697265437534672069220639122368
11578761859469438247543729408
24416498909025794128184640
301468943343907879235808
4826578603891090535744640
188552186487420990097212000
58683284714753945249390035488
302385976000944064538400
24497125745667058413690048
11618415642294932977437845760
302575172000226945919968
77531790103175408256622080
84767886026836531204710373440
707116829939500544586274383212336640
118385596641532142892261180000
303258862165766980400928
58984809434048860773676499808
393112873309342519264520448
189677264832987586484443200
24590318159535213342972960
865282148948827463167798130687040
4864674187125257148964608
4867380068366786634295680
24655723393685348066509728
4870643452998422806137600
4874465180448731974431360
4464265404054643135775386560
