9298646638243951514718240
71788244232973577752716000
9311123591530755886850400
9313837633334964383877600
9319267496873458307937600
9324216772543018225740960
9331825598618014834367040
276623208449887478179680288
136730361016256102712232862400
149447708238009478488393600
115331568305796336922560
756711639473119139059473600
29564236985865638542345728
2397299138116469985150305280
8890762404780705177999408373864308288
277903913354170665608679360
1851932668044969988679040
115762069518311864894400
115856402086094510947680
1853945088855932943158400
116009253224538173940000
116049739123960301599680
29725077034085194720834560
29785038026842294311295488
5891304816351768141582609600
116518345317335683770048
72861484392096962136727200
9444810932788174172978400
9742008862895718978712313568
765342425869756979459810400
116665075365051579033408
116701214775216503791680
280213563851860682726111520
116721546882799384135008
29891489661008173922178048
116841334299919538076768
116843595325715659953600
9467383997596765164926400
2425082912388020731333114368
1873144990851390102620928
73193575555031173052796000
117121951845046306997280
1714863898633253810296140000
198996295930233048112553129927520
151869080098584863304439680
22795829928419079147429068640
22756570043679403823558745757440
1879674837575699891733888
117509761281648120912288
771362343151623840110741568
19856774164785875047212054139008
1881691646142101256240000
116767668717920674102755077196975000000
87222073248967617582221479572000
176656949064217190093839423200
9537372089773734049871040
117755189256439147926240
282766094381269572801000000
19206906349255887641966981066400
117830257760682065757600
152716615051389158028182400
1887223467338112416819328
118044285994818446998848
118085303363768689909920
118210700446639946963040
118240354344044677298400
153279662894033888936003328
73932164612163192488462400
138747177824296520563323949147200
118477786418861943029088
118486925556901944446880
485411946300721361643448320
6009335085468792133086444000
778901233817523460662371520
3016907302301522283679866405600
9617135525681325551537760
118743036157203816573600
4568446724490011190499029120
1904478993346691932671360
9645526624276873807958880
9648375381038344577739840
119121098058826577313600
1191441545967330995542684800
30034732107810496551156207785088
159259443384790782411553185408
9658350999264081502922688
145881987972914052654077672329248
119318506022308360884768
9676276946498268522707040
274790113985797334412478116789600
119488564993005119841600
119529958160356411352160
74712548828973747783568800
785814965364743897000326560
119838445429642706719680
119843054235017901155808
1918918017308077448833920
1919360754609985297639680
19893510357739399225324752903714470400
120170619349677250208448
1925715078581061180613248
282033571862702816029519259328000
75260602984715157730461600
156101802738984392206670208
120491913990798010298400
1930009452474974272523520
25858037410308334889470138418400
1930157662320587672039808
120635432856938544692160
9774346669465624226573760
120732728131770980599968
120786033810168420801120
9802019502799311076188768
121043539848155616296640
33873284217578077273297474368
75724211631670280456887200
496588289054933389468796928
1979080530854893134145502974735939200
28461096542896062936918510729074688
121364256379095372424608
170132508872230084468433174094151680
121452681427352132526528
121455009054622318485600
121548141583079020101600
1947240162234357352454400
189255802845075494537758486330195162560
9864151840695205402161120
47586711523114882610072700000
176199214037712319480691820542400
10185424200077649088923204960
1952485992319348148116608
6181428809937295534001608800
158340153912191613125533440
9898200886898684231609760
122269396592560411036128
1956656590759448107490688
76482139824647038896928800
2537588089934083092336468480
122473046230727787295008
