109520659070424654611758080
1028590095576878959346460000
34706881612447331737919328
347389973892227152616595465600
268110719359220963528690400
4856378552402287290057691580160
556486834698086098539616128
556591840163175289269974400
268429449449518803914347200
429765693502993670497248
430060024756718926956960
451111197644935509640929804288
2823301756610882074215338400
430342484517515802117600
217977572413948625318367093600000
34893461860494538202193600
41424340915118171205602518639968
14614827773236963828579308110379840
431588165626805381040960
512354889288819863223166041120
16597246748980992740653526400
6916574429193214305749760
35029613531836642337413920
6812894496208136250508025892768
1772022331011546925190350848
35075248902804374096833440
69292229369175263710415270400
21948581125440059349820946400
18666134455552909221074062500000
121423848847071133902799756608
16675205143016069623993987968
362675618848687687122408752803200
6947895345431224614188928
6949444808505356776544640
35188388192112389428154400
48913148296651885090421303445600
434596100322119998500000
35208988342039310718287808
434965620038370409956288
435171684092880387525600
6964953697101537905765760
435323248484065330989600
35264784905466682021742880
272181638469139081367176800
35279686100947436071162560
435899554266497051810400
4834255505828234993622858331214319814848
16752638166685537621386000000
6386764854774400153110359328
144776419879651898266082101248
6984327687345431141523840
436525037378228995606080
272940570199670601775192800
436762046393421742889280
566090222671182642162998400
1048978441601115992336972448
6396550747172038880042349888
309410420130006516419799906240
9072405420951586768737643008
4377387501027426458033212800
273947836231686568663236000
2876196471173525346826599360
200414576414902267285773459840
438954381892827791651520
439283942673697994509728
105644055196065863010345458552901561728448
274653968798352799678228800
440237049614168828168160
6936295479869432987259223887648
16822180746621326629597171086960000
440897800834910868890400
113105675159382119795900928
67077567383998216314271584351168
85948187600401460688852939168
2899667086097215608131438880
