7535270659831571834337888
1127997449337628579993005929760
23841674805205077487500288
12148396156485322955152349088
222396139208897832990896115170880
41225098668900041008007264728800
7555719143767701994794720
224002685906256233305095648
93317408151107459473440
93357528646616395454880
35883792174184944708712117824000
7566810616932261263408160
2668429411346910828320977728
319481303355697459027565697120
7578947818337938965961920
93581293998696842606400
111003825743142077388261044448
93655971761322091268448
93715362884026925901600
7590996133832310732227808
23998185652978103477990400
7593790496464426474785600
93786286034160942575520
7600779778295720430453600
2254019618772831484000024636800
1284493807362233409870177434037888
2239947086772521965218125839394400
1947147350132487301025407488
7607773883688831718538400
93976251341505203637408
7615291446241828515698400
94101132878387492134368
26347624426932973831845696960
58850940520464538429332000
122068248935516636113168128
2691222342591322995593361600
7633979826569110014069600
196614826950536824768800283008
1508873143141699302530688
50132428578541462088528651808
3108050766786293134988640707439360
122427625437160702058246400
1511940599748865617926400
1587752913010427815576806852249600
1512820079003571664072320
59152006388774014404312000
4796051021718674838646125600
99362346023764825500387409920
1516898461519079914445568
94833702129208373021088
94860772956828512040000
94864640690977768486560
2029722414651652291649140508160
94938150114318294302400
228009557607934385905860000
24333592090688053190822400
24361369612478606599339008
95234554636713418560480
7718451155360207136389088
7720861400894472728990400
4827582408468501246713047200
95389813436579555969760
95558872777758670238400
14509017657141542717422756047840
95619166580390665151808
1530412537585019797484160
58823410444951706597629985280
67692271398442631711964688608
132841924662053313749252012755680
95765156700824032456608
24520554806690279918988288
4849083981750213323874655200
50910592115479019170507853760
95811908826494572826400
1042869168103609837065678502033728
95843086418931962407968
95932764382494069677760
2882195791256837242116025531008
630715306582585917375389280
7787048208376241921691168
1015005112332457690729208978208
10409636138875259659071478053120
7801297595860018366404288
1541401333414764007114368
96432991964158600048320
112967171816812656420572469444000
12569661292019221446138830880
7813662875797399271033760
964663772410206842617776000
96476071363412840853600
7816095385119101864443968
7819903931167641073007808
7820380097268705138060000
114550446539554608894467476320
125331281179168819234832640
96719152530116224669728
96858542740532684460000
3722613237305703451452389760
1432564286845933380421076457600
96950897976157786693440
60600945770173119248416800
60607089343621285485266400
397202975579428055044761600
3235247592287413059530911761408
97039385076664153458720
7861358685737155722248160
829921737534167194109099240266310400
97088570742139581988320
22757171383624480362311558400
1554984093461970638944128
97204723044790258100448
398975894925455460625205371200
233688633748284955050423648
7894928724033562619351328
1559526302450799210523008
1563825296749217260157568
97806834215463617911968
226600932032975627302220480448
7934274097485653480685408
69303633368687821622843559360
1567863670192149783420288
304970639350255829631567815040
2587893039522550283757151694642880
8201286487894533814936436448
2036733792108909589535989248
236050754325945610885894368
98326287286544287615680
2040684698031136325375040000
61546606458852889868894400
1576505003682485390793600
985590233910890914850745600
7989346390469128060128480
42841396234888789702039442440862788800
7385457586473107935152379951680
4999372468496238618195883200
1581094262325283068881280
98819886931465714655808
98821881006681071524320
98945572620755060257728
61857950310476679348914400
237690204768232761091423968
99039416191043399607648
8024242221335953524352608
33892093541582452004069538662400
1585821433887752480748288
8029043926020458616477600
1561690407353220644534637382080
650550735877105240595466048
62001314481072928368926400
128632072435073365909766400
1591472754730557539992320
73728226372928643922299241233600
99535696665839719796448
129314032766582916115382400
5891767649419554935551222984096436928
6560461899218806258580832758400
