3945512565128405565896448
19983752892025454088194400
25906347316740012428307905280
246983743551951282021600
41966818893078385701933906053126400
3953595258444642843072768
63290139797987182177405440
62314850364589998909419897611008
415460588748045036345575723520
63355154896138598891371008
228653369711429045000196358080
247658270778754196040000
20060856140464867469781600
3963787591285638762044160
594936821936592071956088160
247968221704597974111840
63485589805310202053322240
3631169510844136609760219808
321862158230230754141287680
571719480088565536076760803552448
20132267557871840098305600
1632523165373019135080063520
3981839002940640449578368
3988508401113955400634240
598552580994556149547897248
7121299991033879305946442528
249750093733376476500000
249922009124525613247680
250142030247863105626560
250178047530639646937280
1025050003508861382447360000
12462190781682231869952845329920
1642903710491150536748185440
32650694103166005877395971040
250558467218764232573760
20303242415080872522321600
156713264183847840419464800
250819004232453727062720
5202607907006865079369602048
3674264210559386217582777408
251107836206270879354688
64319958099544959800102400
1029515103941649500736000000
4022302480217675458197120
12727280754854456924265084000
325849883588458724915941248
251481279954857386402080
20375408197043191183098528
21023279639982427475886603840
64451879551779202139804160
157390357777209022277013600
64534014842217250834782720
20420256181778462231068608
12766967115907414154745319200
3269628697522642215977425996800
26495147399302496585418134400
20443850025230862649280448
252422755168818746207808
1455898964448888445364090667840
606845453296473204534840000
20477155342334318166984480
20483908433228096300299968
2530536886863155182052678400
379821295376601030499383883200
4050913225968904725289728
205497349018684824173189241600
4064660309085053698220928
254143506789615575639520
158891837016994824225084000
158916648497762884371115200
115402105744125916584671804857917048000
254589257847003912557760
1723476815920556055039928167648
65220926402414305558901760
254986875186458202060000
254990934905211595897248
7288773832017250360158964320
4084094981607510788217600
1675059286099523606397355968
36570425055048519295440160713290400
2339517576166285644291375813600
255698064365875169640000
4092454727433509817980160
4095808731251342486505600
256027746535558838969568
4097372466197165430138240
20742975601611332126637888
17565612798823842819901505711040
160110002364250941829677600
160237349251867194380673600
256573846492456156622400
256708467751106941402560
257010538310736617262240
257055463439883928453920
333291677720411236757610240
257190274165700884423008
5333567068382682778649814528
12806039847886122484580589089280
257218877195751151654560
13025746985612802039303883200
257366016180620465152608
