798467651616540489530870400
1169457148339133391680630688
1170007038637308180863563680
79915528461243263455680
4046969180802634628994331200
42488900890950751328963966688
80038035310168538318400
80049953206089720671040
1281460007925487497993600
80121488534141102769888
6495868984713251062656960
95148179844422262438618875808
80259584907507577149600
80281765136300203197120
80309070190053374720448
4067104254069658944274624800
6508722121359449420590560
50250157015659981276388800
50260834345494087811188000
1590850728149232553884002776500000
6519101440053094128336960
20617131961766331149004288
80551707867410889323808
1289450115147067777862400
50373262991449292015870400
302106399587846212686135925248
16719704225344428436869481728000
22593665825393446868771304288
529897851285104140801301088
3103621445818638683441368320
6553603477919181422676960
8420312128180218250971294623328
6555689070344977576099680
6556987023500522668400928
103302869274956856845279434809888
6566588586060885000505440
1187076819521209778640700320
3114927477740427882374526720
6573692167673960425265568
81169309523559996351648
81172750532280229669440
20785785452934902965440000
264340676168127614881667007958486595765356800
6583730563237970635748640
1300974580787368803558528
105510356988976541198102400
105513709143174004115797248
1303194873458746509782400
5775619095169184944550936826920448
5004771142940964516964426786097592423168
81591647961983761021728
1305832569476370325450368
1306053709915694911712640
81686684709109891258848
188986041992439017688478678848
81721264101941980602528
22870664532044336001691725888
81728181297719863740000
6621897287464332511807008
1309166472990713162279040
20951815072928252656112640
335229484348265506892064768
6629419621483442680548960
1310039042854364698262400
81894325773290026616928
51223367754280479554666400
82013898487418651426400
82017366314700488838720
20377775108932770631973434714706688
82027770456390355803360
1312923006047645105393280
51348257061643621248592800
8625058901847118120037776128
82170059620880193393600
436274188635775936496699547648
21069060114980795354731008
82418640844230556656960
106833918945639945859839360
106891075699463703153040128
21118948809684539136161280
51663659611907964751416000
1211065870542864994719281088
82721870473366972206240
155326985052644228707483860000
6714004523705609253675840
82889527318957474373280
107430678998296666948188288
82912250426594821879968
199141876230673338438796320
21233424685493759733434880
3187443310701295504002130560
82982196984914153456928
51876556101845415048981600
83022436290339010111968
83046936944588166102720
544934752360129688180228640
830591017839544641984681600
51936722613223796951436000
8724730263895079561591418240
6732285320826725548442400
83132731940870560380480
83201065250485328324928
155933789667527411521265793600
1331574625940534528313600
38032119672662263801693023360
563285185813095987703122999360
67501556763287392867022380800
6751408950924630733903968
312558874215352033378594214400
52227129900610609136992800
835810811387783376049584000
6775370747718808619907648
32683270652155120851201060000
711810238087426467027223519488
201029393166993148848295968
3099200464788232744326114000000
83765102512547696022720
1341122647211096091259008
108659108136534573573013248
6796776534166830903946848
68458471771405356508954996230048
38878492909638040814450500613100000
1950724123514865597166922052645569668800
11556523677772212346192402832133600
84019058222776668554688
84042013163968629778848
52546569546833537521569600
52552310769657444002680800
84158626201957748078400
44728650110307767043147660000
261936509103505642233501289728
6823390104440374096745280
1348696010251916080761600
84358563562226649608640
21597435743794244764505088
6834956455825289999127648
84457779478706945011008
84473733053017188547680
21629984456669341489371648
2674362870536598935480271240000
16445370368397406809567579840
84574824849062241540000
1353686980736628189738240
203198078952780246257277600
529008527006612985297847440000
4285116771404591229319281600
113204221233258503706549037440
21688255498548085762917888
109873467389618348067711360
6867343682464287253140000
1357325468479154100675840
53034254424382004848065600
609919984765308682547366951256170470560
557023685431154205077779680
1762351980020387853760742400
557758269195702348746726208
1360857243193882917157248
730898674249859387186763813942878208
3271272818451677092845993600
558706773108253850492702688
319566146453060521153613760000
1365424550749079462176128
85342160571236776447968
204994775447228308036675488
1366911398058555951840000
1367712510934161011587968
1368299263249386277251840
6928017455271352744130400
6931448297114748129960768
6938458904282918511534048
85664166442622197449888
6941022728759105802344928
101649338537840061318744609600
85728676805955736019040
44576097219277828513296067281600
85771703951961198613728
21958646458286550777619968
6949299535333916821740000
563354933536400431076209440
53676159660134812823738400
85924222032702733356768
85958342105820853500000
22021145170884777912960000
6972863508626051681517888
565158558561436194742965600
6980731467061691234820960
2318807699985482128758501350791200
86228068016273709240000
207044088975053409188917920
111821393185098656249070720
