440105554935417083485071950400
50402790688545081862796448
622293666382862702157600
159352588536400735467901440
622817004506775948289728
99697019151565527605608281600
623277180142126721855328
71191768433611343502511067607234657888
653840770953295364215581081600
9986505374178701631169920
379518982882142710570995066523488
99965480277425204558585664000
1501918379573712548650557600
625613718211404058656960
50675140939029873427528128
1196804603460851499421348121741488128
31681580177215996105676270400
17875987957553277313929030240
626656941736134533044128
31739382526727173656563704800
13009601099383297687234091520
31787835989339095197861333600
628020669233611421460000
392549834089547046131870400
6288196008519517797636624000
160982573001471516457290240
815375141360248459546055808
161114021368498076423996928
10087561298647533239019648
51144778587093243333730848
51172047217165353073560000
10110570959744221419398400
10111148308926623042256768
395100312731921758127829600
51218602197925087577246400
632775128671305550104768
148262441069940805790082307968
51298794435345406715858400
395904022142960716868683200
10135290778143826971513600
633570155433759885374880
1622135259378671707004310681600
396103885278554972571813600
31737480085540797177535522419797568
752150674331050149701324745120
51390371840659300854262080
32128565358940023457331935200
635154406751165143502400
635162456207252335209408
635420079201543550426560
2602794017623672100259330048
635693889494066949326880
635726108286420413909088
635782494119968418789280
635806660625391550273728
10185188886776628980457600
825644876366492479948809600
51611790687276590857260000
6373704877994855263328505600
637613040094702603089600
51936147054810081236357569022400
10207396149445784588191488
10207913029110241288448640
392435101496639608807118842368
