30015198280768147782050929248
43500638619042822837243617037609600
1718614478645016496384128
3076075110230487478331824320
107736958441139558578368
107766747143054496177120
707077795139530189692494400
729738304837418616446419554240
6473182484046357382531448630572140000
1080051726229117625525020800
17297467968517804601021376000
8760980470644377639022240
574244692477920467598178787328
108197243507283518414400
1731403494854749713191040
162419500253146725520296237600
15087888679373542756962851510932320
67700146802613531426026400
1733590346240102034000000
8782720724391035620917600
2058202589610055619982920169600
108492085638911205622560
108532726989145355289120
27788006571858991093870080
1737165516449344955591808
141546900867274220250406544428800
49359915317553351719829957514368
2919878184826598049017546139648
713002249112195599999434720
226602342079729715429906978688
8804096629444030161960000
15931189484423651370523319414400
114124775950368156691697860608
122104808098797055202984915870400
30481898685505501525206854688
108937623471458418113568
8826438460335278016009888
27919692571951785268062720
2261847591502783323315913728
2070130602615820588712730153600
1745655081702124373171328
109201735380579378464928
14237014617359553374101034400
109356560137964347542048
410318640871268732193034329600
1603155071762778677442293280
3709871227567193522868646553541600
1299247599048955301253922165065600
12831249193212069528685357701120
1208867264887029733624585414118400
1755434939514821372048640
1842164091244603853104164372480
205854545739761020140826714080
8903395292260980042050400
28157767886428591181818368
292116859184328175678408431538848
264313247807465698906629600
2495609385181402508253386319168
1101038500033369758844214400
28188758547401361807252480
169328649158476625080304963222400
142878155287464835653254400
8930191540021036409206368
806240353970691785362442534400
28237509833616720224601600
1614977122681682376370485600
110490473103524193039648
1768029705194451006000000
265332250218666890756505120
110520830979846535934400
169992092608481094035145168602880
143413316581258609094401920
3501925113080069063479161540000
8968124453081862401226720
1772075001759168105342720
110759574878820515340000
726756912913749631180106400
8972874549956729460166560
265988877227199981130170048
35724179267356278543055609432320
8976570374120573455358688
28384282284124282886568960
1108792004687423436266092800
266281102320316330609094208
7279256048803945961059634630400
110972599603717532640960
8989191704471175587130048
111040048905990299742528
28437605695178838075878400
143992300655647250510951808
9002473120760613460227360
314317162353928221508928233920
90098577148076131608702806400
51491197328867633232307150107926290560
111321055274881649123520
5636121484490981546137236000
1042171695059935944529898242083207648
267525746104558470906730080
1783204811887591962743040
9834124478884779731363720463189600
1784182686615651202707840
9040046100410284724318400
28580541711669855838891008
197365063586864131303881531309600
28620839370402137003235840
9058108670416709311415328
9060294539517502556560320
111917501592576277481568
9350473517320020948817661280
1792861429608665693278848
758144718635460607865415814848
90794791974356987227665004800
9081583111646119157878080
269215862775513309886322400
1225059467663111041652420436339360
9117266128046628433797600
385313946335194048797783085248
5705997364554997329346615200
9132828742381964936374080
362589726847070453446727832226560
9154780860145487580877248
271433369334894238006500000
46123557964620778511371736899025088
113179382902408545729600
506760541961787828075734102400
3238729096464141339512325600
1661150419236758876746808928
262603381254238501004577722400
147124695252850136489727360
5749566112274083086110191200
113623773643395307887168
113641487872906654634688
1818538408133806334218368
9209026844534362844714400
170644652861139733808740773600
2577775039645734809831727241920
170765701363400464278521256000
147576864371680847492484480
113874179185213230329568
113993988053569884912960
71266220653890611388564000
9236449857484857292159680
114036165501268630578720
71280096820100508630763200
147817967352251365270902528
114124998384406183570080
71342842372267581253490400
1827911188582955606299008
1205966270740578638960754565920
325832419988330165822375841817440
29298761608996009120919040
1831755931650341004000000
12020890997194111103115477888
275272762678419177564617760
114656856828381861167328
