358577351822706971230086651842400
281038610026992317306400
281121591503703640420128
22783706450496343008772128
281283239745908753147808
175929330208039129146852000
281510538880462627488480
20333881337806987316426122438673457600
281628613903886335749600
22842282924952595090169120
1851252861528607140098681760
14289020513399297111158152000
282416730225612018660000
8069426915915749300018689600
282561397449641987620320
4521666410779835709624960
283087928645540907366240
283246031399541772637088
22946605423104314334756960
3436480781327827080170524440000
225926786191856962559130227017728
29773493938406778187622214528
681059627808258283887677760
8835725642641037627508644791795200
8123281379064067659231615840
45519808767315207529512422400
368738201456068470233534208
284641074684831054821568
4554874469377092634561920
246226854917839703027649829541606400
285135190443451627231680
285144019781365450437600
285254403807551632941600
23107276002436286554143648
23110376359735776951000000
73063147740440684393487360
285625528898354994162528
285709524054058396961760
1785740068386783899142113040000
4576323935617278595486848
4577208977975287034581248
4578023330317634682925440
1878039716391583906195026720
57693596026948787549586351048393600
23202814584986918037164448
342879110011854814289963665920768
268706409215285872679670400740000
23221239712116130102587840
286776544872085484649888
192735099979032359025383161809600
286953932534610351479328
371969430863636734123893120
4593090709995822320528640
287193536401285792077120
179522592718230920550506400
179591406974701099804341600
287379998677846219860000
4604424519623685052555008
287824321924770641340000
23325896156031059638765248
4608124084573001035881600
131629362622933491217094514048
1902264225376699530291766013661600
112670319674183714640396360000
288616491854669698386240
1293742871685415780678172269282399200
4618986627217186986000000
112887973082524413677009940000
4231928854519519016482347168
289111312543162768548288
6946414823038186927914545462400
289477264179713608405728
289539778430800758590400
339270324231243327452652023935200
23471054514411156831926880
23475277326730385478244320
96167802617577443804582246400
6014201366546136550443409920
962453621143525746460222518681600
74310563545336204201471488
205334585053215670050107622240
23515603691630598683898048
172011711387375891909056449221120
68050551039237213865764614400
23530830120390155189916960
494079435092167725497700360117600
181849865444679063354676800
377163370702300975404052608
291370560634116980549568
291397482523454001660000
345782781461517852873706290720
291765602021291191260480
378156840156081306539227008
291832978671645606882240
4669381564980235960571520
30374565626510590053452131886400
1198642379346331614927916624800
292331928635507540615520
292453391521157380802400
292908088333419508238688
10297798738618735519725936540000
