213938987758234927927488
2261904676751354500363699218240
133942013184124526159805600
214334305340481301500000
401773723163749312930662060000
17366756698588887475917408
214530386278992976701600
3141907841822586346235001408
98193385604999085764127967488
134343362507142283640191200
215030108481706724421600
3440867588344132724827008
24850126994111396926490971272811968
134589522199283702290317600
134611876468440132728318400
55159714269531728831431680
19875411567579820540502360361600
134734427309552690500927200
17477030356304906210009760
216057267833461028681280
3458250228797123493740160
500135899986434975672101331808
216337060961012207042400
17542398736909010178048960
1057083640392516382337043240000
216724915347470342107680
216994565339366415038880
135698955588321454707892800
3474604390808738097342720
217178071007661304863168
217224865571493068146080
6568896679831851443839426620838346049600
3182315849406417280062594528
135912745592409733918135200
55682059235376331195353600
3481289139419292566322048
217610308152890324973888
3481952376680514606032640
217628332024114932075168
3187534500256451132416881120
3485674029129312831291648
523232010790353289000396128
3497927458132036202160000
316314221316096881206756685044800
218943480477179799575520
21035625719198770880953715083968
219175330082223639529440
3507863634786027472039680
1438474382050508368448290848
17759856497571286843238208
23737781176801857609498110216448
2193582225267767078886086400
219392856274999350696480
219744866047099749484128
219861085849468502126688
120514370850816496509159506947680
219980985798065996357568
17824151492234453740046400
3047758999405597852489221250080
3527653866723743079243648
4572326931101055563326622208
220544808473179543407648
17870225397629837417666208
51682304689059722998182242688
220661345418665099470368
903850318075449264834263040
25814893518910467235604224235520
3531382945142444318271360
3532053327145289100000000
32324312347518590051627122262400
3533015346294595752011520
3535085811306821199001728
33651275818516568970832532248370026560
221000293078769304579648
56580159439058151646184448
221124306848008062465120
17913531537755836513090848
906964966890215914266037771200
286872328374116505094166400
11166658932330066856324758088253889600
23244175911220578495130273920
221518579164750142792608
221577034688673857246880
4596727412612675102010393600
221854856434427301028320
138726499771457487166836000
17984565851002448279028768
3557305586910536948729088
56947021197860083212231168
3559210812600047890652928
233532331876912756609377730560
6363542165210437193242301760
222932048773160149488960
73981949877664005273971355648
223075235759742846419808
223145018504291863442400
915363428946397200461150208
536887080225618609862401600
43512969036356576396999674560
9059504006796316082772157694040094080
224138438530285029777600
18156905208370400370050880
43606574927132742186738769728
18171139964547619602540000
224433421166877032510400
