100072081090121576195808
8371667614475992982696949408
238739760659550178460599280671079808
8129615842082956715762400
100374370066355649945408
100386475852590258135840
81317975857622803882681776000
1004529763160064155101603200
8140897001057934779910720
25743712051283935619427840
100614672738471019682400
794719650331451618984599111008
412627591976212199168870400
8441476970306229476316713724906240
242014960791424710208431840
130634928416900911783092480
412891783032800806913894400
1613629812755564452120320
25826436119904613353957888
1615055697590930933769600
5130157862491191386675455978230940800
8179734770167246422776640
100993162655901681491040
101027623701435516019488
8184606086964204904057920
5117616919009476480713954400
25892992544684372195931648
1618316092321723428711168
1618705722823775626473600
8195944418660103286880448
101250820139990060826048
8203893741585799732335168
379762445826147400720483253760
101334106076670214034400
101401178411269635968160
8214758016718472176209120
928187596927051161377875466400
2104744105671192889990571520
101504901140121789798048
1625079652563067089143040
1625209928443434476169600
101592415448520941152320
1626513118091902882934400
287452815323976587373986784480
101773729478669828662368
8276894478702556405402287393583488
8251876430732009540308320
8253859606280182863678240
2216079722707118002346330486734848
102061476481555050812640
102114602769832239773760
8271669093783441069987648
102128909544278973921600
28581273708205920391349367840
102159571980314550981600
63980674188769830063451200
64012928979312968432200800
419699424427285035584237568
83022797208103898337705427200
8307485238100492963366848
102620337566973458817600
1641933606311341554253440
1642852786927742756951808
26285841600043191696929280
38996481516027455264008153550853600
8321943994175588642042400
1644429422937039466041600
46975717537578687903844675968
238072027437140990844842245440
102916044368661016404288
1646681378874459225217920
11958215543257847180270865420200721120
4980514686180253611569004910910400
102983900421025520245440
5213782091641867734935131200
1648129110200604601785600
103053847807215613102368
1427024137036726440497057309760
8360426073493763612699040
1652197729083551150962560
103280392313980791196608
8372002246467162515337888
1656422542106293978523520
134353184547920781853732608
73330735102943075110160940000
103794586270848407858400
103796655169695663112608
1037998620246699553427308800
26581279894833198308605440
8415631795041583508162880
7773328399766591350725464720160
104001629302927193930400
104086606416443257654368
250074117694612111632933600
8439358888669907580304320
64083588656561428874462796288
1669693937313255053447808
104491478887959684346848
65413022597491669488962400
8479708853460226605857088
104689151776960088651328
251401508702346092052002880
251505812785150962903577440
4025496510591185112163769088
1676734519839911811290880
326648382241672921594992549120
104989316854056513902400
105010185592046271060000
11025527253565910761730160000
1538262636945168428284576608
1655933708333482253073195789600
1051301367757642488402988800
105135463359840171218400
105237856660141450521408
136389391063778896632183168
20474276081801586531270708960
105288035759505452368320
105290126944660056479808
8529403717165480555805280
105336140899686360396768
105409375999799053082208
1687295239199803580527488
1687579996390976135107968
3014935699193607773572623648
105562246374571327574688
8552861637311016348649920
419210299412103876022228259116608
432739767369945186855137280
66079393516557473515178400
66092505151169159791579200
1692258516193942000262400
56222154452872031674824446400
1693349889627945276000000
244903556334457057981865358528
8576764816840972445973600
66197205921069311316914400
41397940212842122258075560000
4072211739126127158630354048
106028161687108032372288
8596230113070143227712160
106141725255223875218400
254919174640737724575271968
8605435145958314419406400
1700330338838648497094400
27265915380987856759979520
27317790713263231511336448
8645865421058028454701600
106780636036289616331680
198639284460193924190560349667188814528
1683045672281940015838858275360
106937110905497675901120
106939226607718541762880
179720850589334791561023833088
1712915626841029510550400
979871924337235648828795778400
1713864449795237343499008
107129768401714820332320
1716017705322043216692480
27456351136254310971714048
