475871951806934797997747625600
47588209865672884216754400
47595589881049338199234848
16798683003221763258563309088
988116874950966985983554661888
26116067788492476921707816658118080
3861967068818069934832981920
47682164082356482344240960
589069240593955354820160
29822451900522557481501912000
3865559908765503492913370400
9427146767552584019760000
9432991469454708527315328
589662833076714125469600
589754194799165711658720
589876026943337999063520
47795174966986193436449760
368861026671888417142240800
590302588102937701358688
590394024156086288300448
1596557113104416538262924010147328
151247458030271711411942400
590942863564950207785760
9455421340261191837429888
47869048529479526008488480
591148776964617277560000
478876950569723362847025609600
196178380604924972840281479168
9462255755387158792779648
591392892153433101977280
592133328276403708031328
3888523229392299658110366528
9488651782154011639624320
703418237495685075331682320320
5931730184015175312352694400
151872506267107030646258688
703651021160870140499623521600
2225382862502803609083262625280
794048325529851173086461356928
371413948769800182119966400
771196760875980083792631168
48337729733776832558460000
597274371943220931000000
317573466318006452218487354400
48412646518486644715478688
597804925343666215457568
17085434339934227296693823328
598312741875799188638400
48513433539949739225425728
598936413357338047315008
599175231405759152303040
5991786986467007126891030400
9591273360408687689296128
444410496268971881400874675713600
599799576961839964818240
9597255898598405192072448
600470713685346360494400
600702270681017265501600
600856679213060582690400
1146877745981830559869217427576480
36063900585494792548263287654400
779682188542353086297462400
1254542887800247139639151729408
601706458304452106760000
780056186576188749954427008
376393208224700618825966400
86713386595111823088695878923061248
602348251663801784639520
48796892236147556721826368
9639273958483781785987968
602742861191348313131808
85082625090189324678659954865888
468698846769049769834539966663444128
4383274953401075117748991988298240
1395995501882819463348614804640
603563650259223671822400
2262366623598041498608705789440
603648874466873840626848
30563594612462390669743845600
603834849520088240340000
