176731902676275430031502528
73634121094134979646400
736421976013399404288518400
153740626804987092265256822400
73808593335885551383968
73829422626947210789280
73915991491745719850688
10234032929634942484890835979804064000
73951282105587131725920
177620873048003125890908640
74041169782008641861088
74052411500461327300128
740627710747363654127289600
4857998302086865921554554880
1085317642995098210680028640
18695816747019273097969613838720
742235237231482953471273600
74224408585112620712640
1187893029701464474840320
74258200162868923158048
88064648180925694794316801440
74324207447830113074400
24661915983697399873858326528
6021739351132607579178528
784914819600344411934345152160
46480215098710179307029600
74446678790354036488608
4886985546681273147446333078400
6034666484281829505946848
1092065711649641251891500000
1193761195018384478567040
46636495544919542016667200
6050756448407457629121600
19151552708067235432803840
125723724345525898004297131008
74853851192633040086880
25505816223997927738332078743270285568
97316081146869960153905280
2144867020665995565332078400
75233433238946721063360
75246435871144706126400
75257814556839589773120
75285453880515919516608
19277915822962389121113600
47082481347163364491068000
6107170977272650336758720
19304576127973711400283648
6109940464931576975135328
1207685828532614945001600
75510101991229650644640
226650042427398917589745178567040
53512426760189596237435108320
1210594986214494399031680
14715579497249683251103272480
2907659831305879759398726528
272772378618593443251423262065600
181783763760850656024660768
113631866567927508565120910400
98250473614402505330782848
25152900824218707963516487680
47403375071100545144356800
75898719356716011758400
47439153631879900021404000
6151551726476187618818400
98507757975054229523554560
6158758183477772321161440
1216664963865613946186880
311817420815610483180484608
6167874785682344711030208
76255994264751701732640
9939998527840678410444991968
14480643769755447629420304759129600
76320043187123620842720
1221705631830517138478208
6189822563415282414757728
3870398673845213663189181600
29793897541113173814678291127660800
59766692307715284516163826084467200
14896393394439453774412500000
919918117760548397717398840327968
1226234515879569408326400
76677155079255203282208
1227606188823875727554688
14928546685313899298652360768
35081086850099405251339157760
3887364563268184480819867200
3888473089439873943252129600
76830586056979913597760
1229520537752325298862208
1230049027793472850376448
6231528476577213849119808
1231318099006389363129600
315270335091922116418713600
77015668647416476980288
10037950219835866439153780928
12330057640068955273736409600
48195192833420053761295200
48195399780105928703104800
77131514948111845144608
77134826761589831729088
1235131205141869324619520
455070203450435596963815664221600
116052628898458795907913040800
6269723308096474431693600
507882688535489859028454688
15060018361030508683878742080
77506425281741740286400
1607326880687543144771532288
139882170180720783976620222338721600
77591217604837170614688
1242238078059780356830080
77696057093799899367648
77697722068772390340000
28761159455785441982411459046374400
48568985471008971200733600
12439289584125401267941708800
77746017984451056808128
2220577214266336184520087840
1244369443076171391584640
77852681744720446246080
151587675693481366560473711389821752009280
5105265123086546647936032768
944147028035894000111667239520
6311832001238492774131680
12266153129170280691160629657600
57322093876329556655502865330374528
1250137828989905247350400
78186713489633582729280
78223522491588955034400
78225195936790244435808
513888495825414455018130528
163344040935447094239968663808
874965092465085607938194129160000
15254627243805861568345136448
1148791611142363386133032768
784957259716824485374857600
6363847726108669080450720
1018402231189501017097261747200
6371239888745643489697728
322262114632617245645322240
78699861008833009873248
188997001885061652504314400
6377730339081792160749888
516762905158753267079651040
3229450936464257903727882854400
3993561533888388360592480800
49322668274629965143191200
78916943054801603838240
1262812596629232894841728
20210231321510615700077568
1263904627636291942742400
189704444093532635316722400
6403559568520197578489280
79088907008792295201600
324028080912577180511385600
102650009259425776770077568
79425214161988743064128
64390678522496024348785161600
79633618031585872620960
20386803216801772181902848
79679420062352819082528
103328496678286314789314688
3969523368913219944826425431040
797489241795268217511388800
79754102739107691032160
4039947338784159862004299200
