168361145104386913910400
10524894906754737381600
10534564121913023919168
168575348319388443713280
3499826174828306979345930240
855189640017620967473568
169049104452540779198208
105695590010370196808112000
10572188525597697394080
10579650840581859761760
137116668430266227260548595200
13716992322796646517510528
857546403463815921374400
536234986772165386701021600
434114905336988523049633996800
694584766977377537913200640
169625507812333434647808
56324792745300761029318164480
10615899125417830498848
1554602762211420969965985196800
979936054747327260019137993600
861272731143893155411008
13791898274272784280927360
10653365921421204836448
10660120462628835328320
7544342913717464266272540000
221325011431279927237946880
24697626349904492552563862880
1025632187586856319480615198880
106809483911030824458614400
8429552826032386893090111393045120000
170993227814723376854400
10687546812401762018400
865914696350180686329120
10693941360345757358880
362385567906998819371171186645728
25991866505255445868760700485760
338627023311821917166261460000
107044609862938748124854400
156821030918951399211858240
6695572612138214367950400
171475084154660560560000
10719548251193556060000
10720302090529851005760
10722563847097934116320
6706221716392535761303200
25770747003469816262119968
306586867878389042814581088
10734632593710775058400
10741425739182173757120
870595793859982387361760
870769153803638460379968
10753132602508902381888
395304090154012379101546369092781440
10761446502488735328288
871779234998890496674080
172245146721821780457600
121884602739600492763927274880
10777331879540011832640
113850139930685745103354350240
2764074484582490031633408
10798539731597010115008
6749892724028776467132000
10804604862695111160000
5913131765409450967351836894912000
22546457961557554210605893760
708799795249122685589741568
173117980097869638026880
876484073972940948073440
10822815586201951450560
173218203656788212171648
10829650538840933968608
10832309450073211200960
10833069228917812500000
10835348805262222882368
2775734372879163669861888
2776513008146140283900928
878792276797016918207040
10859306083740224069568
40708157470708785395121738240
2112535009378447517635900128
880261635473641559125728
880271917192344522680640
10874918654182606046400
71353952092990992756371040
10883684292843102813120
881660776274590476336480
10905048875277090228288
25229228974885887785943052320
174656472172763689032960
10924150960668668789088
10926062548492114006368
14163604693721802348382080
10929121610821571796960
1774073650992670055673390744839423520
10937919993192207540000
2948452666425181985334270412977466296206400
14204619255535096258332288
2807817522393754226703360
10970481854909150666400
10972399519870707758400
2810174142193931347100160
889831516458961471520160
11539538361726975162941315097600
10994278674636366258240
7778086968272896348514847168
720809810082472705872936960
152291484535257845557225000128
11008498435635300539808
557372716859690251408764000
11011574791289589023520
108313585207385483459635046400
11022731985823457188128
314935262165072316898847808
176445319849546223895168
11028121251170500478400
2823531710677986847300608
6895608299760155904616800
176596292393805243369600
26507584546294827702014400
10196980092411947547596589600
6901628162148690209368800
894515527062160643360448
176719607094718864377600
26520671789921059965667488
116634483049570456746454177248
11049698076984739545408
161792486686836303907055040
72508594459539903293498400
2829870377113937132712960
11056640204592360731808
177037439709550945695360
52938538551951523034204030207040
72599721378538676654819808
6923284019493944170824000
11084441431324659079968
45429681166755846878926848
11104939699420217423808
177705354544127831033088
11108036245398776819520
162664190693603190044228160
64096986857300348738280093600
72987686879391766484114400
11154173871957194721888
4798344483157035727836199526400
3935430973607841639677707835040
11177490967958966365728
178922321346624546058368
2864762090297532469785600
906753171801181383233568
179171447890103183829888
2868775146995462367057408
179324166314952714518400
143124762541031127315741105266688
910353927153235350074688
179970401372674348571520
180195587676190483845888
1318236258922470152160852523008
913109078725398092910240
180370878625442617545600
2287030652343032713389276012814025088
27069086700945344965509600
913669316965199655540000
914716490198148686569248
11302074657817155170400
181076462130766658601600
1913195121350442273762307890048
7086471683758986416570400
11339376822415777982400
68986305775395760167846349088083200
181780964016704324055168
920359147818647885388768
3773736112066900942359398400
922274215328559165206688
11396095013010418907328
11396884260674724603168
11398068209036084075808
7124680668146722935492000
7013843324451594600142279680
2922619033611020953574400
326087697661374877810414560
925141745907287015421600
925536687097598171507520
114300499234644224468553600
11455402443112054405728
27525760697550178889498400
9296317597490620710730704000
930060817616416531586400
11490303695467648573920
13681225021407867271638991008
47281675330684213882103808
5278696904240620949242377600
11557154748242676386400
184922451883665794390400
14994661086131477971334400
14995350777757835333957760
185177817240789730358400
11574711457354940682528
11576308513102751111520
11577107102949658670400
7237538903033962039521600
11582298944125844681760
26795415447668731389293690208
13571377284427718894209376104800
2968994571794614213931520
587287331858191230937202400
11615087738416293969600
9410107163874072463947484800
1025345948432395884952623511711200
185999968313242417415040
183420541696697217011488828320
501483488164618298673781814688
7283878180393657322743200
76505257881117574648045920
1473212011373493505500394546560
12191127244094767160420916255108260179200
945770984445733518421440
11680472148332540107680
1226737841901399925595987328
32234334953634951251813875171008
171830637886639518477599040
28204955800446248309774400
11750169437395013059008
15233409554546051046823680
11756227214451530556768
79712354055766211492666200128
3018432174088641455946240
11796672275195000907168
11799912382061014214688
2211588308333562488473214710080
956066344465137218752320
11812474100861751189600
124751656668256665608411843040
2371909454914897068834319577760
189455643068578418590080
189458891984233707005568
11844125372155249892160
3035047756794500486484480
91634061687302509374550324825003680
11879503705795823330400
621553080326595412040698965600
118628830110960657735327082480670757600
78202321474535287401430080
966059616175609567217760
7466148131568507506800800
11959087837976133573600
1453901277630236966410437230400
605583493889703154048188000
11969319774282134829600
969625446813041735340000
191572992139111580363520
28765308286446444867675360
28765448812728150990260640
2024811081678396346122208861440
78709636634164762800228768
192202776139575814027008
28882545220519431937322400
32509366703765738725274980646400
12050177322854634701760
12067880762105643789600
12073648879709336668608
978121335660694797071808
11155781386631195681111096640
120823255482616175788204800
979011843485820034984128
9794177826904700932666924800
193467001205715525799680
15677154828948367874160000
38177497165350736467181241006400
193675007144224881216768
12115736172678854203488
193916239624309191596928
193969142591214913641600
12136407340865827322688
12142200004981243260000
12149236741719767497920
251964850177976420783577600
12158761900240320050400
29201713707850578378002400
1016083980048235225979412288
12165805833783953609280
15767108159127789357175680
194657866659164192557440
12171609017935286452128
2370411950073961216443074208
80025193463489237471346720
617480213200684950349648800
1920128017676538227114428784640
29313154342854307302538560
195348423184734090319488
195371694978414774938880
1282366987798714938523716480
348967812944530801398350688
12226426879422253811040
195667760527591334935680
12233500190687144493600
38076014743393237536620499840
12243491266194657483168
12246822984244868144160
195984156702195608012160
15882726215579293662969600
12260156656650755339808
12262657931829210830400
196227542773161900000000
12868496280361783655073285759360000
1599901321919669971765770528
20620190357869047899466078720
2389115527939538734683926880
995246662916113209201600
23910277377364695225561924432000
170234669161130731798795872480
995968353549359559964608
50384387846358048821606400
12316527979877854399968
12318201200941621510560
998203569598033474243680
7706617710130163876875200
4091485797939776552337254400
999424362961351389722400
20745069069800305155857656320
12352120622584504808928
3165323216747576422064640
1503880476887882225163465352800
197967816688385834313600
1002367902581518260060000
4834630123596179674609080000
12378970654752058214880
7739376207517525040635200
12383169923056426367040
12393672767960730937440
3173896552924263682411008
12402079853069244713760
29798022283672359094861728
1005954183380530696850208
12433223262630297791040
7770869853008960861755200
12435750972020282219040
1007375460025898512358208
630010770550205810250859200
3185966238862559804517888
1008092353993254036527328
1009014636960247162190400
199368349251830132220288
1309284106333209549376853760
105191199120188637351551853231840
29968218592162368705679968
1011271770562394207538720
16196098796810750658094848
82004850573993102645707040
12501183821647170947520
183076001427181404738081600
12556430683528458236308163659008
12521075671786599777600
12532089867104916876768
12535480311709171253088
200667731960898049161600
36338293292554919723926932572160
51377560997510717684520960
200722010377658763573888
260309083748216566399142400
12561779588406070333248
201075088535105469062400
267999307491295324174074629063040
3224994914827004176585728
638556000708386383709486400
201864402858498746298240
12619187277363731304288
16354512716503118701148928
12623021439820693761600
23660358627998451587846143968
202137118270517987832960
1023661656680355496440288
485655353160914423232791808
9148161326884190520221981222400
30396386454845008838805600
43281752405271901583643453600
12660984104443356019008
12664827787133814595680
12668672344920672128160
10263533772959790800341737600
12677218940399667471840
116006467800601887367775848800
202956922645506295989120
1653248613554695285940306880
12702884674131945278880
12704168982969835658400
12704597107556408261088
26511339323655354927175417728
12718731290365721391168
1030413924230219228288448
16488150187730623145976960
1546586391937750929124359688800
12726017136958028100288
43533355715895213020506500000
835770068076393867291034089600
1032382370568173258825568
645554795784487241464764000
364662494155370661543602400
30713535839398334656308960
12808091098231703472960
204934626540055346014080
1037722896278689205946528
1037920659710673248879328
12816277177672790941728
259375166891264948164188720232465440
1039818297194248168019808
3007949458070552667897434880
12857266450514452288608
12867204934775473735488
244184562259126572247164000000
44679038449628873689746187804236000
12884935651882523541600
1044953747360005543508448
1019218961894531301240756223545600
1047060086563245477191328
206898981650490898745088
