462684948176050264425600
28929116525516340708960
18090421494324153781466400
190030823104360477007958048
7416703654130624800673280
2346838869469352367398688
778749520451680959840793405440
28987888283369270235840
28989477951053067241248
11328200787912406340441640000
2170378111007322879207086839968
2350874441926594925415648
29044361536081243673280
464712968503740047691648
2353990537877824237474368
37680622181246377513791360
602953965775163755653465600
29084180918759792794080
9657856870974796105777655808
37755009437596272583977600
2360188934979199226556480
29145582828466331253600
29167136373412689702240
2363680908106770262697568
427333706683017816851970240
29209479945923810940000
2368126913118343757640000
18284719302342060556497600
5121336237776805843178612154400
29288698016936813857248
2375521991245302682713120
18329778626186007099904800
16198590972952335382677402741060480
192623694448965375526223328
29376906961088188041408
29404211809535297760480
9759838182045367039464960000
29433947532120311109600
294479793660092841221366400
431207868895244030983947840
2386842590949446695111488
2392713925263959340367008
29587807024957126496928
38388790410471912268166400
7590685696707450586790400
15699507112048096717840661203620288
5768953295283215489891039328
29674263730095720267840
475037407111197450151680
475043880818528584792320
29694491171016114438240
297061873471173833067715200
475302883373102010072960
8319587286936495700722747168
29740648402472551658400
2410392933842139853483968
19996810397465582516179948850400
71527631706164604160711065082744800
565308228932602865607740008320
7627227281579615349158400
18627233430842503231752000
298217153939601556551542400
29821755988817421266400
71602871583244297776231360
3886874436326625157395960000
39879544266794171952488631168
477690679182029773780608
2419488560045230800448608
29879442999956368001568
29886761410236432242400
29914420871214789843648
478783745890630458187008
29928257798963466880608
29951058496334546052768
29987729765046104304288
18751708709463604137278400
2434712461570537145746848
681378787427579223621618623328
2510980037992645685402763840
26931900745150138809977535242208
159736932013049079621109309440
624063676511646587542072320
440742373567606287352241088
30133933408947547934880
482539099442639952830208
862726337273402586341042400
767637607926287908269550004928
30229785170692884506400
30262607396035953540000
2453044801621993941585600
30306138004937044050240
485276335113955289979648
199003367992249260166779360
7781248502291661476817408
199488763420361359833290688
2465843167656179943000768
3198058413670602725351518080
199878801210100511795102400
2469251135321074870204608
487959143311374289153920
200170651034401143294477600
30541850042826112925088
19105916650250183861623200
38019243214622063329249971281264640
19116361237423437060878400
19118843749080857051371200
7831920542540028340001280
2478691548549253489510080
16265269686908528204767295328
162719757441648225224270438400
30677632326504595417440
30683437968103350830400
302475866725021641139994982184800
24903461824864793538019862400
10556262975485791728543389280710246400
30802219394551190139840
71304968976227293247317492128
451639971224348142009253920
30853826067429136058400
19710347414299120653134669739561600
30902161958497575197760
309205528226211476593171200
30928854334711822977600
30931357631231040268320
30936364680138775322688
16085755553699576807342903628768
30969760542937162984128
2033333272621882475767111680
4964827399792589170010534400
31035796797536617120320
19425832014685906793124000
4973190546044706234571545600
74695012376024033815942848
31132114209823179152160
498190975330128854505600
14229687355095739472988631680
791577729052007132109691454400
2529748039738358960041248
31242946001182118517600
2049161910110949868866060288
28879549270593995219002392768
2533653683851079383324128
19559651312163908325153600
1585471352672953578107354400
31329633720198676405920
31339744980095754501600
31353230466887430129888
31376840540454910541088
2542230129139263756768960
128680045851033196754454528
114663398778555267663252700957942041600
36765742211839737924800018002944000
31446905896938347787840
19667837547145212324112800
8058061753929095684805120
31500166321104364478400
315086688801089131317283200
653547853273258839701564928
19749748231524873167524800
717120028042897811358771803808
16818624556218813184491297600
903923055025055397840182688
31661202746886504660000
31684136875383825639360
8120632014769891389273600
31722388107726488372640
31743653752079680902240
208339590307286051976650400
130275227710556988962967979200
6179086650957122679228825408
2578526027787801208864320
47778372392678081964152616000
1241545802853278106148322275680
31875739487572419185760
2582257534156093978749600
572444536683658864938528488571648
1759134569834526332190498021639780000
41375797139605183077858048
2586592999819569971149920
777937773413351213560376529537600
2588901321584376732431520
8186960423917510080806400
19989314001347146829488800
468777336229124127956084928
512340725296165068622080
32036499399595951946400
2598034300025150830551840
131468850118875282863536128
513719228968902115125120
32111957294994964004640
470572820056347017672028960
515258747260602347345280
7552423893236217613284353280
32243468391156017350368
77479480888311173081709600
2617466799209979417386400
517181108198108824313088
8274925330451504501414400
517346723462218878230400
5174499080754270438478272000
132654007068396257008742400
77812998509007235956326880
32416851285284646847680
518735313301081549279488
3941742575486371551309232056000
366349788773734894834969430875008
672611885248381445727360000
273477448716449880079325066637600
2628613238114526020930880
237351466168299251068913453568
25978309005698423341459805274841798647168
83246980791306912917785584660000
1949653316158724738986804942848
32557100850342886150368
8335145051471708832437760
32577917202360498941280
2639959257109590873620640
32700414935901164887008
20439716908528146257028000
2652235360029334209066048
78629842309086323838780960
2902692159502847435152636535328
32797092085533783453600
1270002208424265387316957812468638224500000
42532064122250153897566848
2658801664899163722945600
2660073969563452568171808
2660262497970922798031520
