53032001229258878913407938618848
207117725782434839893248
53036922583804137960960000
12959517932568846867360
1050648169328186311598400
12971254952142017560128
85119938154335284754954400
9626522768474517392131784145600
12999543438338074073568
85351303433162182671144288
3048745042549213461678470400
13023079807961395536960
8142042122064798988605600
223822775910756087773432580535680
13037478869581495723968
13054511332797793521600
36898205168628519171387771840
1058383143191472355408320
406853179758416338687992847795200
16945324750861137897926400
209353234271251747910400
13085561990512812842208
13096070503283026274400
663007786107403903116904800
13113160334030762663328
53838329361108837819076608
13144754727782633295648
1066160747873374377745248
17519314672559464686607919640000
210701085085801632123648
8233768962295410538382400
3372976945587988305692160
506160069352957441515141888
526234541550565751782036479000000
211377445870867533911808
211599731154925394281728
1071298096128494645302368
13229285578560593736480
3387445655245133248485888
31565361412555435337871539263008
1071953486464883919444288
27666862559420988343012201728
172014130712371626853655846400
212391498945252679530240
13279225700469643971168
13286751033822343546560
13294279565175164558400
13298709607270336500000
8322054862055232010392000
213071923763470971513600
1736306403928720330667888928
213327504083922860411520
13335521701438061068320
13342626785623462863648
213725530400287219475328
1402846989999931453206902400
4059886544678088422449997852160
17344149342625160955301248
214184661342129009544320
8370665921041765016628000
10850517843274340640939715200
1746217819571657341516820928
13407591911796794289600
13422308620588553125440
1409162079436614706989472128
54998680061422516312535040
3440181650557075023121920
88243761953547354051021600
163067798575621473389095807008
13458482815421757482208
681642026462463879821954400
215466292113974100721920
215670310117590208530048
13491146848733788930080
385352132421256017496839360
215924640397966274361600
3456672487945555732001280
1095300244532743751608128
216412436287957011543168
226956942555071752023838556160
1097166851804283257495520
217044927859992060266880
13568793536710573473600
2640580811908769493522158400
7216388624321994108694237920
13582292304341687018400
8492477993346356793856800
13591747432632960103968
143510116246031239254935225568
13596702088569344764320
1101527491533673091670720
217797811146784901467008
217855528745574807473280
13616534259608217777888
217884391846442450438400
8523419800113819447134400
4399091735207103765368422841088
13645419773032499340000
13654907838341048495328
22957412986094798813136403968
1107353739945416028069600
1108331097436129580460000
1108441090625571974351808
219124597254269957416320
13699250916422401944768
13701969302672515740000
1483611443786278028467691671680
1110434606718513473723040
13709673594076988560320
219356590670250766688640
8571549431742818353879200
6268725178638010520445960960
13723277327542761783840
194473756663215118763634743428800
32971844422400726006804640
23373958037949808710288780232940928
1113521897688511931646048
90347024909623045275597600
90400746914060433751293120
28733329508160280292841022848
13781433705173587860000
1151209050645704382034388448
73192591769237469916212510720
529690458596798184417164160
529750421309248971649792128
1118054182941341545394880
39071128128989710802680398528
13826996831797950060000
8646835212900185063349600
221365188443570027797248
531651875155650567851342208
13844797038324496490688
13848907217768783566560
395937160043600446853195328
13869471844062830429280
1123587721334865399001920
89186814451278288279523424518368
203575858929463762295954400
56984790773645107290777600
222682554298637725665408
570147265278317402534862643200
13920754351124165109600
1128596593969497509569440
5443614391883973230607660000
168896859689332155686214697920
13948285551753680282400
1130282335783357735698720
398830149506412371127171168
13964364265419034740000
13965743087393797304640
289601193931984538846161920
3910050063201605798648093760
13972638728939040722880
13977697155434113636128
223803249390583421801088
13994261609047475714400
918017267106061959152590848
224156866421299779254400
224186353410415563060480
11082362831286130305782135212869408
14020518764590859653440
4928719628576581488752415016348800
224392843799204975672448
710112422752236693758001600
224451867244057020374400
14032507975852663572960
140484055227221291103724800
140495597162900613403574400
14050044498561267002688
224806252474215750665088
14054200291828014177600
14058357006942769400928
5493075937557678653076300000
14064824840868689206080
23647001297751454789621440000
1123034043772545446276814354920805888
14091181207966689000000
3607742193472684861966848
225601449978701189960448
1142147963738516233752288
57769734869551330671851520
225838566860932541894400
14115721223483443719840
33904720948029775582925760
14127771433607750939328
16088315791058688201643947436682400
2261725141835024616216460800
1145764640257550693640000
1147105862906763444043680
84862864855617541226221636544197142400
14163968358494840616480
2720657452452522463774799576592768
8855557994419306922558400
103637903078526997800598537728
14180698070643574810080
14198838644961876185280
3975569243110542509038483008
4717144829441291323227199488
14235172002030101522400
1153325914845208455713760
227865346292504894534400
14250098148439470551520
14254764975478774071360
1155152730930541579585440
722249409640566261212474400
1155821004995723319240000
34280154397204209306740928
14277648999470154855648
3664013658708119527910400
14324905027286947668960
34461150437666689308377568
18602392661855074669006080
151532878317004442224922594400
186089248952424587884477708800
14369930293546428334560
1164814029887893850203488
230138720031267873457920
129534566297499295548046048611840
14403768834326904597600
1520668931465770511355414009878400
18674651875180158055785600
97524472984834785684475206240
14418356596034406562848
34618958593583637378050400
346221961704858849284018668800
227291348236016458232866853280
14444736766121347166880
3699617840064848783144448
4795933657327431193102233600
175217855259926078428304475168
18756092927559267943977600
18770882586140954676240000
1173872190649268614664160
14499023812324098767040
735103378742733836325655200
1176515556951264694365600
7719836010895352317994425440
15236822758166908870900776960
4069276941726302225462258400
3121239159979996905292924256160
18880393127783650087667328
14580978474400330557600
59736206447906379012507648
9122728595195683190368800
1774560952623513699372239265600
1182623787566941341278880
302757027096228825024253440
3741320978342046752640000
76535520582570013121952846074400
35104283133623664728040000
14623275212849317600608
11855190538112602481208172800
18969086392815173599670400
11724180118790078534853962222513280
14642791157036486760000
9153947266960607957210400
562820048829242628407050368
35192311333081365830928288
234534306256028796896640
742156407518791860047325600
3753021726786493375915008
14662326628914401683008
742476591715116164258671200
961268593321126331385077760
146689779090672561033763200
24642706796019947635158071808
19014477180820287123656448
14673771093328227518400
14674248091356434944608
3756897538178175071474688
9180829512645354095296800
19037563991411777840160000
235083851572003861991040
14695247520169883690400
1190482666015867204286880
19051591236624627822741888
14711011876342878778080
9198684276084931019198400
60377838567194007591289473600
14726310634177422540000
466012830022424076512647800000
134861366310224590065360645600
1548975493393506304444821888
14769402368034784142400
2410496951371934733231679600320
306663966044118459984775680
1199106482631600082190400
10474799790952161642492081888
35610522958207481843011488
5701318848896704348674470630400
9276676767214712104922400
14845280961367220350560
97448654728247418925021728
14857795270865909850048
1559864954900599599283371648
60864555369603389767096320
571063147670518844986646400
14880919396141870914240
14881883486755696258848
218115446161508987003420640
238679472857294786929920
9329349199852715030913600
15654135833764477646510850048
9338472031020605370088800
14950453745835081321408
9344456855160454791909600
14957710895231135823168
1211979655942217325884448
1212110346449321977267008
1213156251045397861697088
554467079539303047958060142208
5595750627522907546367111244960
239918154598851314039040
15001794251451217710240
15003734214416190337248
302444626319412228369067629600
3842616917048672941401600
240193639363953572677248
182061402351521114536299060000
3850572136335406377358848
15051322108381324640448
15051808281825254940000
15063479978268460474848
1221889701608516500005600
15090253217493957217728
36261614350247310207936480
15104871836412853936608
3868547745854203553533440
15113648104421971642560
241878847249742728010880
241906163421450758047488
1224732272241389404300128
4711694786725584082941301927186080
242159924091383181827328
15135605506219819335840
188699157301261546220767190295574368
19638479714028254534534400
1228068068228375991630048
222261991071963967697541408
583534694101868172426000000
15196723830362602983840
36491365177357361311753440
2958695198567934076502929440
9514980409857631666135200
1233183827386490445749088
9516451527246001373114400
1240365455528377928031342667200
15233974138807994763360
80875623846822187775724380160
15245751608812501302240
15254098114179578388288
152582480934124679432918400
1236032812748089619984448
15260974279701276078240
1001899931942885459000401920
1239139175943458951834400
9562509969596267555102400
5076463181497117151053178880
415782576432228497848251875860608
3922757732625677558266368
245200938510754608985728
36821883086988997035245088
15337258701019212006720
15357978473406521940000
19920203532048686625158400
15377237053096313592288
591006505764623196392258688
3604348935820625178617544960
153864035775702948487123200
137130569175993684374957590237001241600
130848091802636758763452334208
19950944601757239973405440
9625726640457733395036000
3942947716853121378393600
804097343410614746121188445600
1249455797049772177766208
15427196029009909874400
15432149076757049160000
1250057575449078421098528
15436112373597076969920
1250552533844794370037408
593202410151062411704717440
1252105248103953736474080
1213196695380625403085703222593945600
1254155435391331895774400
247797315361107023318400
247833079143664740480768
248055696337743647760000
3015589412280021428339167680
803967819185059964519297455696608
443785454504657809944660000
15543908299982776140000
15545900605870973754528
4578487100047134456887887780128
167199199986113976439991518987008
43991684638755738286418755488
6088876466598915922106280000
48506236355376018517230737280
1263001292124977497574880
37472339990719463719982400
249842037441056159775360
37497535022018230814299680
1265064842992389243805728
249966001732960764332928
323971920912550819631385600
