371510634505732515356035200
371701189359705240563961600
37182140108321117582400
9541118111759143025292288
23300208878033320542621600
77864918233276420227968864640
23342351962345907748684000
12406047783983570211855206400
37453026992000039761440
37459769904689567413728
90050989565016083875524288
3937483414995950350765428480
37519532598382882127808
48642712136302414057326720
37550405823171974516160
9625912123632519510182400
6352415610522814081497353414400
3068758950738776567864641764000
3052959786018371948205600
9649614167736942611996160
37719580921086020868960
37737014152339782662208
154680199161463116052850688
4921520908509645250181685600
7344561180552290003509881408
7345440861033102410916129888
3061225366074996715074528
3061434838853427907717728
604780887221133037261440
23637986122326936012976800
37837857841115697489600
37844652648884246880960
37852419264014908238400
37861158134869487304768
37898072272562983162080
155487533547968771054899780800
37974901207081231613088
3076781694699883219092288
38003133523622280554400
3078437867670742134132960
608131939666034538445440
38037227970010813860000
23774729197157637082708800
38042100477270334317600
1985948903633590448123023807200
1087621366243333627199408928
49363320226497344039127168
6435508376317504039935294198528
49393667581667480625840000
26961996692330370053265105600
126616501888454298499808679936000
3095986906206088042351680
6116216930930871529036224000
91813665814514858404515360
315656522834245054323989641757575200
10703530762343317291820447328
23939725485479708124712800
259477674909681424409111142720
614326075068836625081600
38413782899197781714400
38417709772887702854688
38448153253065677589600
49836976253820273035852928
1098523502863308989154192960
38469769277411770710720
157622246329992635322869760
6732322955091879076090817198400
38496310490320581627168
252590779889347380561003168
24062283556773153275671200
38501227036459632838848
3118891457065048209623520
563947805734971276482532768
1950044096592035294882608800
24096226250300251955983200
799703839198159554362342400
3129898723812429636795840
38643025766701173766080
386475125869516855333881600
7522085119863250819225264320
39721046083216774963413293281728
3135893140002727563762240
619436998567072556803968
38715059271952616726208
7530148214412265479942178848
38730860883265920108480
3236039046154409282651231808
1226682548940646732570936740000
494408370083719651326717239697408
10861852641555320187436832928
15169982069020233165062220000
24284419759955293542357600
255037567725025715211861600
10880980661450525663055690720
3446206523116436054948851766208
3154865319742035693638880
623483548528815086313600
2554062971096668784547225600
1974393299290029625607292000
1975147392355721799201338400
50588169524821771589755008
39070772754121275000000
3164786282754302998080960
39080716165992090338400
3166477856185187179022400
93869984021549743015460928
3169352399759247797742240
39144398952374060593248
110653551239235426132975784128
3172013766893121989005728
50791061956802275188950400
39214141081977465336768
627757320597232250430720
3178795719243571395579360
39252040099362631090080
39261020204587767981408
39279983264525450834400
257739257851793545366974240
629026944430786510549248
1991879862462209967765991200
39351905625648724848480
24607688483030650603600800
39379902089137482602400
816883269825405659336455680
3192176085698659785900768
39419922947104287540000
39421924790405373255360
24638953230372443066596800
161523714509250786463561728
394424981474651851302009600
15413066471158122290843220000
513679299051746576904501373390456128
39513089346579492130080
705420909069247998920075140800
259393062842027128946052288
578987726952135573512193600
3203620498997332006057920
7692775638173770734430128288
1400440296853485681947966968266117600
39585331513652525546400
1521673236970914503588999040
3210697279634618408862240
634422226451821872699648
634864677283061618886528
1133595242867490256284543840
3315317076433144643421240000
10167204392425980808094208
260639914138178104450106208
596144993914693894544802883920000
39745217194317516058848
7975760902275039929904341333568
1136212273938272540599987488
162972052835387740875417600
39818785835711321003040
51617673012134700658863360
637701845263550297002368
39872262642961640760000
638283344555146533546240
39936910183468889489088
639067382002553417760000
39951062305675354859040
3236390922445202923172640
3237128065147926654790848
39975331836812407846560
262547390304342677481786720
18287428125580339777275369600
586294569534424971093121248
18335584586423883886281253248
642438046285342096267008
263564245231142193161018208
40174962369451307823648
3255104048542053177603168
40187146715546001547488
25117982190490709792664000
643152776601379242188928
40223716383072280676640
643925029701466709336448
645357567628997068560000
645561246834491315040000
40422236012164641119520
40447740286674135249120
647968304203025032233600
7591747772852457616481102831808
266031354189787331056037568
6493989875707220694830668800
121749172923471729018383759885568
3290313015006076359806400
11601992472981344702210184902400
25401613656395915485749600
3292054659992059660445760
40651184944646649669408
20259517755807038464064762552064000
40717802695440459286368
40727033140899725006400
167038864826373020733296640
3410611920303776925733402848
40841004385672545102048
40849227760227505696608
1569637727068278984633836928
33176240755757258149633795200
10486216014776271760370688
3318763105612607602925088
40976848935161370681120
606051110619994635653848191360
656309916327307375058688
656639965451541633310848
21348041184872818085760048709920
3431087230760271427247025600
3327534683487441852082848
41099605061575095828960
41146097238470552742240
3333029230575997024419360
33355291270996636198796448000
41183319370727493244320
41215391993950881509088
41237129250510772658400
80052548930617338137591586698073600
53523982809195661279566720
41330386325377904040000
99317876815403482277042400
792454289336538990330139983014400
25865601930378006124207200
41405105797992689538240
41413414210925168481600
414394380169647204598972800
607452945979509112382193888
13782245695734094527269335528800
415069180218977379519916800
