21798872440450847417678400
21800812852331947081402560
21806977372899145887747168
269542043096128925124288
1010452070809735988334331031040
269597067008582545753248
3949808046269089285767372480
21857484272838068396007360
69093141273821381108966400
105457797477590321926226940000
4321058721297413103502080
270758763005818365706560
271073148580422532758240
21958416929345522327922528
271179421768121136087840
1110775944918319918640640000
10422453502808372337894062208
31133083126927698452251185363204480
4345217542940854704305280
271647395066266898374080
1782657203053716433388498400
69580565597229494722513920
4351213394881747399133568
101562872793013659557838344993088
1788950889020570863993790400
818083007954144399187135238457088
353680329684255855433383168
22121028125974148941357920
273140431359180006528480
273144705974390195795520
273260139551638804202400
1792984466874196474481397600
354677905163378977459314048
273799313420713828308288
22180288195425406832337600
252988035488721830049049136448
273944941382670957405600
274082056053593087532960
274103484869530355234880
22206432716529369901433568
274180639011221381340000
274253521766330170252320
64251080242429100713497678720
70219466933772663631584768
355610878159241430093962880
274403620249333057481760
22255313111662593841496640
22257515784445428263243040
53446260475547476573135192128
635874203616813420393458076480
10560363777513435513906122880
10560375563456144538391402368
1718322218822033598214201440000
171852116724739303532318400
70430199506208531184562688
70448079973826208561320448
41778631767733990677353098526400
53524289864111927504582030400
1806150902354939346882268320
357022150368985409870989440
275585110348405515927360
275649664800818871837120
172309556325020061596695200
22331574190635879695198400
172483956448673650752549600
172618614904109665348545600
2179375355712605065573316561088
22380777393519375531529920
4423959271313545558982400
276545989390599248760000
276580507008896417248320
276653867676577043640000
36081672069447147802305367008
108173287147319580643053660000
4055897349778451926454843808
277167801056001778219968
22461679289054947902060960
277492076290794151227168
277608885002099150336928
7935158483172403726486008480
785783668556591290436903498208
2781460301450268953230531200
89707139211010467436610113799040
278301841726910209380768
10699661975807647725060544128
278844116185143222468768
71403406085169797131949568
1830648525066598510398610080
174471386714681254515640800
18295257766612576798937702400
14133311510310373304573128800
279239390162169690807840
279387182728795192056768
279391530456913150025280
4470525358241331620107008
174647968649053181488485600
279456752468087620367040
10737024653121950108863663488
875705755663895870326916592776634139032480
4473552295371349468384128
175015688394262821156775200
280127025752577319095648
172246651442868287298793747968
23407599282825800218077789888
2804933551977193119212217600
280514940822742931978400
175423795306669111666612800
280685052971176090674528
280759228628725381751328
1842478063985482196458917600
