3266359810001726257588608
204208485342446503085280
204566152210060179105888
204734831064516904538400
204910505537003850144288
20502335846365792019741025600000
492341235184879109316627648
205106981355415548134880
3286003344491507273795328
10399167425454000259054075200
205420946079323647235808
3668056612550603173071073812000
156150755765486936749783986489600
128568128747860881866001600
128568560719788338148098400
266648215312961718455445120
16667263252893910489712928
16670529907122168360230688
3293714012233591127886720
52710157521111898121333760
205915047296326468215360
1351475098335931943087108640
5236208280177744415944967778880
206105323366691709756480
3298612756258044133910400
206219552287344074942400
495186586290092823525000000
206281878980577073708320
10449063913166468442708256800
495595257876996193346635968
206475874600398228643488
16735308595215241976376480
206663071361936617222080
206833045218546996321120
1691240178488139374711213257951312608
1051177155498683022126411497426400
3311897214294656245711488
3311924989929119214806400
207208051682324474340000
207409654381572045923520
129749298422098323625908000
16825638956563820774109600
53200762238809233583922688
58160062978918689712751300928
207914304743481795339840
13448702107464411680659017075363840
53386429054790904972218880
208807521172356651513408
3391897515594063899181504958376640
57862781348757756763414562654400
208954338852600738524448
3346249503843082189600128
18321180746309949409342285950177125088
16960637548360388109296160
209423274767630416046400
10613133730133063716059633600
314725868923470671167642814400
3356337772330141108992768
209787768690450827978688
131158129468671199796193600
209878966465138362218400
210205417299003195376320
210352971470489941500000
3368023716873022305296640
210511151414479182117600
272835743338086182771040000
210827778916856710478400
506277189149816860245677088
17081707616500154301239328
210972138693553366993248
211032016923435170242080
4376267309271653941394492928
211049630592975159860160
17112623478197016417582528
132059329617584768260226400
13849011621397177045133795328
54112061833803156339483648
8854803509992845303052801132989145608000
54148186531750488470788608
54170095934671732712352768
149684230754488195507734628320
27588092634837531015873933600
211702111856183436573120
211843387573905840413760
54292866227495568014504448
646883175495380578840461731205600
212352565694981564185920
509896142985659839216500000
54379813093532711386667520
212469381506318238540000
132831871688005568149845600
17224268169953627014081248
1395300027129424178943152448
872051572310627539060715520
133186363217269805484232800
973951091512786082490350536780800
113955207341103546979276981625738400
213277789912799482734240
213391435073970088586400
3415300298626259896253568
213505125645996122370720
213661524352162738104288
17313016254373944819000000
97674720059844410443087470720
213789550827933562753440
1403267161412698502249403360
213892725101520368358048
