570079604793625929240000
259055098600263113615108853369600
570198375823736525231808
46201504392389650288860000
46219350765900035590509888
571781283865257153220128
572019376093439042630688
146449581546405575120094720
357659103206976637701650400
572264986574589254633568
464058329879844221955823555200
358240076158912617657189600
680008191518292823528753533408
1327035213113057249288427420480
146937434036597376967162368
11903608196941385096326863360
74826289793669394875816594400
574202867000263162823328
574404390137857831284768
574546234510813125000000
9197011153827941048164608
147212655073381333383943680
5752181122502510143009785600
8426429643481221612196144320
147396350434462943683051008
575846452586178491530848
575981083745175780697920
1686773598904262695451959402075814400
576894206167494607680288
5774264877169986210944361600
46772526883320361957010400
577965887027758064515680
22223301114283536140982662400
578506039396276616130528
2370869355425058606872678400
9271806544710444396506880
2374804235080682840201195520
101448437632263123749312583727200
12049907456201732722644526080
9298767128492142481017600
148841733899525301109440000
47106481527243411398693568
16595420524830628507282742950004640
9308349850800179418041088
2383190315816998607156471808
581867961960339231248448
582109197231160832877120
2384672514822709589168148480
582569259736452259265568
6268457247120923600118320926070400
583120184729533174122720
583188134035802082387648
364500134084759327306167200
755948007273106562560364160
583497756025547723881920
583898181759068446989600
3651370944561937972561752720000
365183923090842425863471200
584351742593198169141600
47344946249401060809620448
149738069956501229475417600
11945773032483946341569346273178368
365727672651586403551512000
22498014742174683533410675968
586039793473789599349440
113989115461899098015401641408
586214105193016067917248
29710281808196623391370732000
5013716394973447307600927785525248
