165069957185519127957600
165084607281555014460000
42307716268492365745413120
69214179346781629920872250941088
2650425297496862081470848
2650448798862803711760000
2654211030900561261494400
165938924176304136151008
2655905341407200188596480
21636263800019002321191277728
20682637194512115849094310483493120
104036875012766595387866400
166498512009199935211968
104110235691840882847730400
2440449454739797691945594400
4761307820937317305534101600
104258180841443074823076000
166899927317477082880320
26732608813857164445819532800
91573655005988212392474668998560
167112734922536727377088
167231049268611570174528
216738789217611149371080960
167236966634572339087968
402029397200926824586770240
167444173395293863040448
32568440407603909101748334880
15456811736822778618601194489600
217332467357733059666197248
32614160405544698970228845760
167722725289889105901600
5897921526669235315622804937888
2684809190843885481129600
200402518154020738172634047480181600
13614224719791366062074080
168150116900814182822688
13632275584438052244367680
13633078261480315998639840
13641749432378113398278688
168420625508803356561600
2695479638710255060307328
13656933933877219318740000
77061441322458912871967775360
168709329082118014750560
1687407516816423068516256000
168822530574702358622400
2701172408168855750110080
218858047141677742192268160
43246321810147611949524480
168941751574360205313600
169019279078071238470368
169022261437908804350880
47332315514970936531790241568
2711293897385428960677120
2430759391888606650733396713897600
169610556510663143819328
2716844096111745954603648
27170464084483999516394572800
434727712667297592057182054400
169825950638210031219648
169852889321668824350400
169999611715188548339808
13775954142176767886794848
43546265263376907557618688
2721827376945131994142080
13800726099631397820674880
170419342360582048095648
170491374151985299260960
2166522386909451906897106429937614848
3536707268114776754248849920
170665545252102723797568
106697136735089175449380800
43743179523666203015052288
221464622233369953800968320
2734147175904328460841600
170933067256664166753600
11216399692408279988404964169600
1710084208672442715137827200
171044376773756661970080
138784921325479019241929865600
171381645046816688331168
533296845042103037560169957760
171384658615394903397600
222125909150017598473440000
836957199002693975995423147680
2745881230945073251726080
171734502355232922758688
171776761067480082360000
222724745980648037625552768
139206390718039127096837932800
53522603924801069952804385520746560
2750517753076954823010048
2751097730921970493311360
172112088394537822106688
44064274179327831066240000
149295421296736426552959164580494400
2756733118045006743898368
413702760056475909349407840
2756926761335670995119488
2758258335135639643853568
107752695706223166611025600
3577232371929912696501734400
33584100849006560513900251488
558992376632316699248270189034820320
122319654715789646025745629600
45713207395643070850675866468245088
2767592862558442364675328
173224279210162383049440
173473514537121472766400
173525218915906622724960
173586062393298507908640
173692576977643843606080
14071646714455286541869760
44493067248929104986385920
140780551785173661562007875200
27822129770129354676474508800
8804061018807399424723845600
402657870062892017453318506080
174079484442271193193408
1649912976174846111908770050969600
