183780892984723949238864261120
44876902398926305982833728
15741727077081000281238814427328
554389498573202836711488
44945796037459580482883040
1645003411081353354274597919467929600
347146277443355167289217600
649983344590842988370964552362188800
555720897088705671435840
3646631616134354416195926048
556034086990008963338400
347669760530180112499876800
556493185645555213455840
347897546440539573111880800
347920331186134795632631200
557003628633572686512960
2958634212477858100160551968768
45146055908661134468846400
3484214682223280666050244400000
89206132665543222693491212800
4078813207099364655387993566208
13999865333884941005650806828350208
348741327671151045562245600
131029933560197906546283869568
1740842182589522862761142053760
45327019396568166394930080
559971126185051864490528
726443409850890334094257920
350639716992407400435928800
561041148989308947960000
1301357642468083832684297437920
11664887446347899777051397120
9005883997686112125590400
563001937165310225125920
144146615513534689999738368
28513341266427169297142558400
1353173070626556820477911648
2308509767657477578944000000
352315781351088716669508000
563921673399334849273920
144372665662863751064859648
109680369543601771465946622528
9033618577410136244890368
565144824485753912370720
565336582445921261548608
5656940462199292833362140800
9052970482546931274119808
144915798190912096656000000
734313070825828865117585280
45934827717702792319809120
90737108446980752332808870400
7146943246405685763339399181569600
9082826101948375780370688
45985153489683852839518368
1363343759959820020461135168
9090819800831294654763648
568515046970035402512288
9102256991836413194920320
110652521638732985234880533088
28818642215246662628595345600
145749266328656352000038400
569471194461188283322080
569656633787302881132480
