6079609464821850731771373196128
156158846831698700222400
39979093095952844315685888
156201008244453837537600
12652812963804011970011040
156245989827550361790528
7912306850780034455273352000
7824571075787663431184308460050080
156333169290320146068960
156538606968492702360000
202905357189054834995100288
156611825428912153700448
56509462432949314690214708148180000
156803441299156789851168
156893674289993348962848
156896494698318049265760
702920159155634235984443433600
83450922534349229447463683808
157031919022489681500000
25129047140552286212330227200
12727435942720184103044640
2514735378005841942626688
157336944276662336178720
2517809436302226089514240
13143882986184970476682145760
12765291197915064989583648
157650905291066426479968
187102038304038951627480666720
157803812864428359591360
1207083083327854131883244288275989408
379047294023971106703562848
379093947748079657126046048
157900145050576802842080
2527411357409001723174528
158007862621069605345600
1037609709998185490601960000
35053050749307639200832009399168
158257525428707869993920
98945732755265181877291200
158880129698644444054560
10896857274803212502348712753600
159116573259270974426400
40762033897746119600724480
8062849960068857781951396000
159287660584450230837600
159421775327055652931520
40814440746418564417901568
25092032778340725711585415077888
159515991591608437500000
12924805147487265185300160
99782478106283496879328800
5336535919025332880794450521600
2561715544457543022872448
147917221748983309577623088160
207675917753996797527074688
100265196686473339105149600
41747774346783771893542692506400
160580957062655239499040
13013257739072104256228928
190561775570542187640293145120
160963001834466263709600
1610707004936395193311363200
161075159145100867395168
161101049922879543303840
13052292401845189904989248
161144208155043101242080
100741030135125835374878400
219133028987805309793954519449600
13467933052591084950711187680
24150103882408731887832472385775360
387739942534121981300225568
16966633381188749346929563008
8189212579515156323761387200
161786850497729262719808
39513897038085601922578573500000
114486918014612339305389086400
539330666936641755760024616438703840
2590795298015576930678400
161948533035937308661440
41473337029160614828182528
2592274245426110989580928
4627925393358086437898760480
162110336727599549989440
162179718269669488436160
162252014389063417985760
101408593621038086466151200
162393784895511180774048
12090033565484537758182002815299840
162967599884717789101248
391288193378400175256245728
13201942681047393790953120
2608003977594618121854720
163173731771708876433600
13219503626941563375055008
163400411870121187222560
13242186258718573570629600
218676705367499291679886753920
2397008442708888861202236480
736733391060760038707809033280448
163988553036577591560000
164017710120689118002400
164020626042929816400288
164239431041802304109088
64157760840878106047246280000
10766363351493550727991705600
102835117462407258954264000
4700224833941533799323293600
164592897843160047974880
164698171556828703451680
213530659389459385374960000
247279765760690902370238945600
2636937871627229148459648
21483659672278743634729322400
42211892912654382247511040
