518942805003072649394208
102513711320753090378880
6409605401190006540000
519309525793375765925568
24041603178462288047101186560
102647007119996856577920
6421146150217500693600
4013633390682811873456800
6428334921749543177760
64307881863934083715219200
6435786796720234973760
6440672571255926154528
6446333258614175330880
55158343759059215160294677244816000
15497077850669001649355328
103305128836313063687040
18262763407901730919948026720
6475209176952734433600
64777791766566073619001600
1658405709958936603069440
8396585719815938075746560
103668441915265719692928
1260537323444676143911245600
42535455903398515055071968
94990667600480759258377248
8408646338193060781610880
103831831182455213397120
525755164954113850444128
4058736694604360333479200
6494341058698621328928
6495117568658748802080
6495894148250616782400
1663172578221944509905408
8428776235614000514448640
6509884492677818117088
329653047210796715404104000
8441824004433476407317888
119464865655786569570883192496128
104281628545426398240000
544655353931027666594247840
8453428500986050159543680
6523118334314026754400
18442672826759554301315530080
6532472010389551234848
530233081042147467098400
103168380697361354950377169248
6549386066260125626208
65497637541035770739107200
4856746072722957037494270640800
15736693458953219146269120
8910765126523436175050373070848
490854411264011504338978303968
6564506319569348077248
6570509525688184789440
69365219949092715552748686240
15780540415604745194813280
4043176020786770004422734848
533785087515874942915488
6591422315057982164160
1844585240378300686711375680
6595872706279379285568
534803216277371332943520
7830110393769884482426510368
1690932788032749512928768
27101693454982477408158868800
35089004734674521614064640000
43396864346757940264018368
862195169769130555771646400
6627351364602006564288
125838657666588163395530361600
8599752154133081877398400
106270119730505332837248
15365747684824137519882350400
4153340336558103264974400
106373340613268453040000
6650507223823368010560
337377854037233966580756000
6665010416129665231680
106641222303375384543360
6665802180965643674400
256123794505352549915139840
540044004914719414705728
540428983587939099060000
6677422838432487388128
27385412239915850699498570400
541013974373526652716480
6679272979328200493088
106964617483150837689600
871984398375503187491301600
12541587874316957516740274400
4183904260143605313890400
1834532099760238294002158070362350080
8690102240701624956067968
107286626754351030180480
543265612497644974993440
543838574504735609168160
16121238453713537769189600
16125699070592639353508928
107505243282858316358400
544290100972177362818400
6722463646717597942848
1722268518414518461029888
139504668483947449889318400
107643377009820070560000
8723132670421318567017600
8731404969367413828924288
107796542021856937568640
8739740658434715669863808
9013150414209340928674126080
107930695438345227254400
6751462389193040927520
44302561348178787176543328
26475687650113754653323834680207520
6755726968571052514848
1354870578084398314509858871968
342123863246951726704528800
547653105701752067212320
108274100836294528096128
6767464979304989040480
6775209754046331107040
4234572890711322329335200
6780554849717483442720
1737576415979726479710720
6790451613500858516928
6792057514400166122400
108819679785315835986048
64000169146834954727299858977532128
6809473037554687500000
10221489939648050586801079200
109008435687127716050688
99786050024682198315504960
109268375872684928054400
109337198045594243733120
6835524611977035973440
44887496261649055750260000
554229600977233515705120
554491269601223681881440
109576176955663172864640
44935388213308315358489568
341060591293160315998481625600
346918860582881240490213600
555211336085512485492960
1329746243870214192990396019968
1199677579181182941568803415200
45991415640234196196031582394511258419200
6864348545989878887328
347509466355232384155576000
556128798364235456015040
9932984470834523650553768676000
28215480832063883714162688
6894075557347939380288
4876147680698875273318180128
6898678331219432211168
218405569856266870998033960000
20580867364059401155709224924679040
4315297304821297577296800
15981737514129599927304271968
16599146503281489431444160
344208664102860375576633146880
560872482078620904730560
1622663318877402706545674880
6933408559676606339808
111013935852337861950720
111033520210736517195648
5195910805279251755864726701814400
3174370704481116124046649600
198549376580975604885499968
6952457028310480830528
6957089002342400795328
6964995946376963460000
6979190790435952740960
4362096689857229344375200
6980283599474931022368
9058167742759050816426240
111974430737840565175680
112009474851341418898560
16814456882684711547870048
70039607013483389059564800
43808935043228765058081840000
7011756780167408824128
568226216300008010940000
7015595551967500898400
9096507418205627828841600
168670375899278368649077689600
7026572157016477260000
569500861710494213655840
7031241112430519737920
7033713854137777654848
7040311020632188440000
2813972553474389186183833911681600
46237402917594687237532128
7051867227577210626720
146266296138411291735298560
33313128705042139719263393940422400
28913144682075136216258560
7060405929984554465760
7062886359868152418080
28931205530947476364185600
741490627503474449457234048
7066194616292484953568
859592286044926100389989554400
7079163145311789832608
10240971810583618991964005042400
7271479046644048877903044601568
7088832150453299859648
6209137829040114713671337886720
575734277983966292899008
321446137563715081780639865088
575996044219945301681568
9221892477283428737760000
406937777279843689402180483153440
113878614865838886956928
1822368359883894244477440
273851858745717728303388288
7141493978169916087008
148271732931182279851127808
7157627990654364944448
599312787251479125934840128
7175741680174831646688
114875477579855802192768
1397745044842382402823165600
690801956182810860678830786400
690933446232545767950372405600
583173033676792130972448
7201438258215452225568
7211232229622136403008
7211512204084320407520
72151386099686259436963200
7215712799391282089280
7220755935768526500000
7221596715437629979040
29605426689230137029470208
36115907510916266040651093777412800
567497315705796552968272232329920
587116600017936301317600
587739093356277456672960
7256694517792318331040
14113401360744285076440413923200
9408656461963462637977728
106292821363812636433610400
47667384778976488130413248
1860136351579808860343808
76710138743018372533691232960
47684217035159136599001120
7286839728653716826400
1866469569506607321062400
369861908489671681585857600
1170529953631885425953088000
592599319326594847346400
30940798957372551176806331901600
117124216942336183488768
115318888402482927782657069760
1843982873971047985173892958937600
117468893948250339347328
73448426165411833746489600
7350819522590991453888
7353091987225062331968
117777933499074970894080
117798406134324414465408
47249342573734696950323998709088
7372998535151938617888
7373852575156283488320
1080251779051006725885772828800
7381257363502201666080
598197300629350412289600
187228133600827772398740407873568
599367878622537465032640
140625947385948371532152064768
600486148735315887316320
153745447021895337055695360
48706509574017134399720160
601598254573404444168288
457062928238391202020268702298880
9632776885790899841941248
9633271785233675277345408
9089717133238465230976397042400
102957269017208861022763197600
602502977397560864703840
7439550186365113148640
7447291205616808954848
7455612360865893702240
607388091932443647097406721600
7458770484547318862688
109222969603567223270394528
13701169736387934278362001597088
7463365909897991253600
604874000119834137734208
378209233398708612114746400
5542682841002388979356432573600
7479178881679776110400
3998435570646370666243265135534400
7483495867934987160000
4677616724556169047880800
7498187601224442284448
7500205800667367130720
17254945939912731917314504924608
7505108838327712500000
120216809172252958720128
91323193910724258797465324160000
16368096423195049587865867929600
7520699140094442788928
610121126380759053455520
120552083721984751022208
393997224414220579978500074400
23500143002654927893401586560
30951128704362146712545280
19344492555507302046858086400
9794625990766154171883648
110710555550063677185471648
7564132989444672527328
121031931629447066962560
11366138419811996772269791200
7582721909847209357280
7583303365122679473600
7585047931591524951648
9835844803221783180193920
121441043792835682328448
7590865327169636519328
1943363941421254110696960
9840369829888982241849600
615347292220095495060000
7599306493760653560000
7606589010242570040000
18272817516430349853267168
1948751219708370864503808
26039790415924936471343315520
110428654002612614449373630550240
7618251922183298606400
121907201962671807483648
9876626274440754970023168
111695007506338459053385920
618032073591618603131808
7630512408766467586080
4772795524450070133088800
122358315744630045400320
122414500191919196193408
7653321138734003678400
50262329307444594484985568
9934680257512056486000000
621445925132456639398560
1492175868264264559850147520
7674714056899156420320
1964905167864583466454528
122862324770029257578880
622515648320759858490720
261742439228995516714095438079214400
7722054208675946494368
1502049401861400629832984480
7725591415487247670368
123730972373908121970048
7738276386407999530848
4841664330418097511808800
628028650788555583921248
628108470522385036164288
4849054074679890489405600
124144539004564013029248
18633117742776134938468128
4851827408468049584654400
7768132751906352540000
629258718539103210417600
124393176096772758835968
629762448515584611977280
11674350989261286551725399200
7791545901062454685728
7793029524627982466208
7799263057431561729600
7811741341046455158240
353380672608007705282014153600
7820663563733034893760
2004861954064190739614208
114735768528574739580036288
3862682223342936447659025487968
2007322082590689485913600
7845089970031221175008
125608545763021837528320
7856130355099171688928
2012191787868308216640000
125840253916775871199488
7866883532060961653280
115216039121447439488913600
125933505224356241139840
4919679294943568127775200
7872563268387073590048
211611280083030768779120037888
6379969872426585625909756800
18923263672972810046198688
639099728942935874660928
51802022245315153836543840
67147053084870283336537012608
7899509081335031155008
7907306288952084849120
303979934036427849233687808
89581466013044063982322425600
304343323105225876874640000
7924420364502929890848
16530379209884730726299963520
4958098587035819393008800
2033088081525081495065088
7953306846851416173600
644429401365519248241888
52210207379922987084782400
17020697794948094450361739518450240
403361717513764547273551200
7972608327297880907808
646107344849982124624320
227969065472157460790141088
8000113082651989860000
8007984638991080710848
2051023098802476254776320
80129982121762904340124800
8013134565581980860480
18544349659950210056472626400
2055369960151726554782208
670823538479064473764836960
8035277196003601043808
2227408902482530312130953500000
52782345725962560292297440
50332523498803196475821520000
1566877462868922886732115520
652745092250270417444640
108276604725776905926244221256886400
8071471053550409870400
80805995751323317846089600
8086409890588796483808
8087935426813860446688
8095566345932533457088
8096177052644456656608
8097398569725136509600
230051688040349502916550940000
2074077675094335066920448
8891691958500029954923891571328
656821545522008310718560
1578090533352360927115896288
1902305531033881669407474048
8129206558773559599648
8131657202516930789280
5087151043154120934554400
8142385284291412566720
659789926774269033199680
425276268482362017537649341600
130355462125754625479040
130470858958546336560000
2706146195495793029684490240
660693178038811587909408
36201490694194031486021055801600
10612906010276765672677248
19678723082365116656167008
8205434518713984097440
8211913832726440430880
5135262974727418247565600
10651275954880693493040000
19751338170761976781450560
131755183549097061404928
667509689948393484878400
25659414013658161766018951808
120753178994868408111610080
5271621170342071576811836418208
10689749847709441869080448
131990387655411878807808
10695101675723963788733568
10704204394949562366193920
82643362305691420462944000
8266367615643796827168
8268228755182641960000
5168108311976088998920800
670371701413890134907360
115902902939147849798198064322560
2118861262538900716200960
5173966525026086923581600
19153319044520291425526571840
1079689414258927061640479520
132784971599769528415488
19928525728130920084810080
357867176227609438283220201888
5199240879766445184792000
54618318946237016557955808
