80710858127524731203730547200
315340598902948733600088000
504628948456270256760000
1675022171244495903361465030656000
3312579451003207936929383328
8082818517930920367685248
40930755845063719637217600
383732158237219288812695094000000
40958774365149521080326720
19697192283404011110290002993440
1214276615477810440271469600
505815412849735212540000
60081343852318931917075708725278400
112109158035428945440866873030528
316335709361308856208343200
948710822852643525685020029760
25645585689218632003507836000
41034477879924353453917728
1216444736275369103211229248
129706679121176403099890688
506806862948584102648128
6774481863196297490589239041958400
507180732111937574653248
410907367690333149346732022400
507309934972631623341600
82771562284843391163545202969120
6155378105544737233326413373408
508330824484989942945600
2083335145718929203892377600
508637391572615786426400
509039545147960917325248
10567637579144197253278886400
17917495308685575677028879540000
318740752083083136400152000
661042441644563343684084480
41352546025329546037500000
510657379031410804368288
12265233928920686665530654768000
511156475119142112736608
511539591252493156082400
2099324358810115153029132775200
663606674694918746766449280
513348611757753176447328
513533895287612754300768
513561348964504634906400
296457632304981274279178914773600
514144999868803567101600
41650382032260539174366400
514639775565545225874720
8234868868729381833198720
5160535676920886830188854400
516587980009716395460000
2116581542128315087001057280
54251073890706750259137863040
516994838558807938502208
517208707980407523326400
2121295234625301903798824913600
290992794402016169816776739648069760
518265229139430734047680
132681869564346370726824960
10750300860003085247446914048
518603934076371403655520
518832135017310376500000
132837626512877586210240000
1201314766685481014895933359040
133036504098059537978254848
26309975369298837624529495200
960908778274027493944318924367076480
519911922772016927071968
