32292968492004114922140960
102128528585313553452738048
398958732349056237960000
399129141052615604637600
77627980277050982962295252448
1025797213009958540066325737987568768
399657754970894866073760
249997999103143643368293600
518409248689059445651747968
10750493528774169771732266741760
4000534216471717020080188800
74969953100581453969493819409120
4150058380616051620837364734221600
401241043788385824550848
6420563992433404955433600
42132073942083604704607071360
187451837953295708589212391988320
32533647353969649721318080
401754625867496476283808
402120139634608587933600
1145752065783925007864881111727040
32608459213612314033687840
251691640141584098437581600
6448674700995034575225600
32657271980244602998870368
403349863935174382581600
133877184750660586879506769920
252264062548539451925594400
103460926529893387982768640
252604399995351079242552000
404215215283004116926528
524443560754448922519617280
972195941208179864424363360
405283057808084502504480
1236188553561403368929039042491200
405352023449429363475168
113452648146654029636957806560
1660826622369709887186597888
6488690587687145204027520
760292816368948391536997873568
974125802353187124698772960
33892130009324037779898329760
32870462939366044207989600
405990372969074660925600
406088204747568436374240
5217048926543992092088052784929118048
406554587242483909247040
65063228052416231336195904000
11627496180057061260022143168
407171288460197279306400
407240494941687527411040
32986791540486601239134880
8447115504154161274557350400
763888283691613504784342388960
104356405970401102090019328
147907583602007575235984007338880
529381980961456517650798848
6545960562882297574744320
104805948690289475163591168
20726398915946114945549925600
409430809484145688350048
409471346757996371661120
2360770889241442919700599020608
256026022613303472222372000
409836317694456240116928
20779235801818457088957717600
256787208968340018448555200
532624588723064994191320320
411246348641210087280288
8137173023693630620812810801000000
33331509219937754046368160
257223660597340507159454400
1163077693608884722873427073600
550355563600131308253022935168
411868378870222658327328
26999798546250348190168531659458688
412176748494166229823648
618553176360520481582171157600
6600579945004331391700608
105638540602233269663467008
