14124327526321625339939520
14131005471110316703793760
174515909431503049169760
174518964240803662146240
8835197836870811345550156000
1975098432164018676707333533440
174552569790081214406688
4985442932969674842412893888
174616739315487108446400
174674812701390915028128
226897656929072201647175040
175152173653578897890400
1149242636777152841082210528
2565414229242655408342845120
109551687384227664447751200
175360559979252148820640
175418818791657855419040
109637911738025857906504800
175446420137242136566368
3332135376647632680624464359680
14238092049670094444556480
175790176099600586390880
18175741494099570990308738814441120
263970720509702261349217022400
175913068421251807319520
175946875102891885875168
176134436961058749333600
208919778011849239220757060288
176245199545813438850208
176257509723559196133600
11552327824471801689859350528
176368330344646203617568
1391643336532017588495867969600
723491744448102266364034219200
2823137437959879812640000
228851153738610143887617408
236138290296527310243676502400
8953071879709097396391276000
14325614787109898052109728
1105558131901546449536089680000
26876855920314752043529812081120
177176433104241135478080
1952868834803238225102022182681600
229805239246623632804855040
2596640123590496170487229600
6815855021450209985073479040
177578429339616916448160
177674390905422180757728
14392545245410251531044160
266725261811193216544357605600
11649440586660030118103040000
1779174093273954688734460800
2847065366218398004606080
45569215801516459412505600
6589242363414739809787015696128
45588069633268919064000000
2849272960763605289268480
2850265556136192094419840
178294432990832155448928
23245837206542715350089061088
2854014941235276082978560
45664537171817103024038400
374199226806057860623363794113280
14458116061468725951948768
428908588061633671693587648
178754307857855537897760
178816521272978065321440
111809722323601614609055200
179059308773038693560000
111956063167135713634600800
179302343422122645611040
9082621855739255796124776000
48196833935505670177455380889600
14543532682658922266483040
14543616940118705472672960
5131074751814299354582278048
179664237014955917830368
179767289518200319942560
112355336820085184885032800
179851638171541516976928
2877738697059591971760000
431947045256405671006166880
180107990129180320625088
2884368708047422507142400
23531639335675527919612790880
165591026524054676282247800057088
202751671895599507890635033258400
180878690460341806238880
113049966026897266343354400
14658376842179240245620768
9163413872868489682050453600
14670585487781090536500000
1281205892422711160735185201286400
6960038813592406379406014208
46387238849377551216000000
105321166792477459120517765057744676768
181387573802210999343168
181431601725024215317920
181582615455021971076768
436059744916352076458409408
181850266859144092485408
235787869886710540771209600
305776033951151023496308638720
46612877019351336789849600
2914711566956608907168640
182178148586403027357600
1823042171063415147294086400
182323314536760346195008
2670618523744166411462080320
438126531493640918309895360
182515950991158190678560
702073550192478936320681727900768
182832078649269878676960
182911174688229947926560
182920667937206211885600
5224445863654653085017116640
7027874937653083863129301248
37942048266775590139066655078400
192066885238833287859127910400
14847784656497959209357600
2071774058688757128786521358659328
2934954322644014592915840
183589287314706544780608
97593046595327354964058093248
169690687389211155319728903648
43044087502045046906125190400
183786101634896799423840
12060705457232405324277897686400
