30900182007581154529571756492928
9989002058218595425813001179200
31404924012945042101168640
122747320858695734044320
1487444915060431532221645137600
76811553463453837566703200
159328233394101604135150848
807247081632669590016018720
9970054217348546399677920
31515536441583010173189120
9975705023593811417156640
453361711279061889573779305992002400
10465714097479100793521664000000
10006095403397815119000000
10014691021040645010878400
160243973367172299249840000
123721531518010195775040
1052774105536804309640644890240
10031898869054271737805600
1983313986745188624154368
124007356524407698934880
1301246282493521649440495439052800
1987401297888350325133440
10064590933994389213420320
1989959073393674872769280
31839420996897711575938560
1991172510726256433219328
161347450823069357804918400
21028728270916372719503174878080
124552025311277024986560
467235274327767210481895078400
299325319381168927460040000
1247999675237776637691177600
3950757992912227626512752200000
1830784681849226719955827488
125067551578845693182400
78223150124961874409023200
125160373149428466529728
301044455875980640434014880
125384309273993001392160
125861768851169245395360
3198389068307872377933451123680
163529582109803541139794048
516848746911148832614748160
2020308474199097062501248
126295044032224169591328
123295979501947555746231788640896640
303254132249090719997969760
163794637104331827224873088
13278348022516710214704382080
126518100643869274866240
1993091717657506184939824325568
10250623260930777972886080
164205278587468726502019840
4868856778970392109696702208
2027853628567869922955520
164322078804408559341853440
126945850005076037340000
520151936282684931412838400
79382369234210835682564800
10288007045475647566317120
79390192488101934194685600
127121588563520064953760
127246883427654692940000
1509857641867757877440282206137600
1865123914033091123040789600
2038313361522509005958400
127418108646482507159328
1868234072419866762287566560
2041886214936498964521600
127681311739625569965600
1747200457745589454268468877302400
127792510541030524870848
1278202006598815887646176000
5057922856160425125383255966752128
127848137171214055923648
1278746266650634839761222400
49953454855535682073490820000
127990914613490903039520
567366042176405129527676604322560
841219506995395733087889600
114882691937520656168338350205728
2052089769264543791629440
1897756155450264766740854897280
32880714832577651443404288
166463468722018542338858880
128463657073366662596640
80342296974743441796936000
128553504531051015626400
6508127737596839015171008800
3673591507353571805689802400
128677425566375137461408
296100247436752724253732066543648
2059879346770110652152960
4344316541040441859586780247489824022528
80509411551626539225144800
80569940824549904828052000
528402491079962957790455808
129057034344951304009440
33040237867524920135397888
2067047381301139290100608
847965683592029387807424288
4965208834729065269965833600
129291056829583392250080
2070150220412882148240000
59131995398911439691326640000
129601137925777819041600
129613357243428839460000
10510828746609677485267008
10519813595601265682577600
4109753449447889085027870300000
2079538475418736341609600
1278854010368813859397232406528
6584909551003313299727208000
130088134310690516616768
130115093677153003005600
2083145759463834199596288
6593390625165878342867774400
59611929033241515490032071040
130458579059361074997600
169079358010914570082907520
