2811384528187213313728696662528
384523082431415582830560
10986066142452442187858663328
6154955215126824066865920
384854662514179433711520
6163447987478882375716608
12190952444983015297545790740000
11004543488265929248040940000
2667925867340433955304132509018166400
241154603892080507622708000
3859035882429599732297385600
31300441519035572517060000
386432597366849948518080
500849584964972416064136960
386798704737589886224608
6189378595124354357827968
8021861398643377091972963328
31340734523857013585899968
6192886595631923211749760
387198391217350718019168
6203197191971513523705600
31438107160541409175922880
388226783886120342050208
388616439143474560893888
47268056448289978933869770097600
1099105040424054240232689678240
31545042214953390329435328
446975639186291091629032608083685600
5704868439729237216903667488
99799266956597405549990400
1599435726697353087893356221600
3903402744228688891398163200
91472240384134481256686547840
31645456456975502558709600
31654816511155136235190080
31658893312719181544795808
390966127744356747854880
31668407381087661507740640
2566356433135991113210373088
391195525268671426049760
6261747880130248548107520
244828252035762209063426400
6267885596391195840505728
6270395742602981706950400
2571978333070022240891308608
392018829214215335061600
4141436456573982454934464626528
6284349741825170640390528
6284394647518757090893440
393506298760521894794400
31876893904822519090700448
393753684002315483212128
393759307749431283729600
393905546320022512303968
246214171813415328042408000
130981943208738421146884106240
31986315429065623229950368
8191667208986055305047577088
76637090833487987528078612458368
11301279375639697924704413280
66834738351127452477252837863808
247323609384994770765883200
395731322571284907213600
950278700909037505833229248
32133106783414448425579680
5808913493876253398425875648
131691373727292232644096184320
396935054277625809298080
22750528125239156488095311136480
101710095271296227263062528
397410519602767553134560
101780046817272280072677888
1454593237827545005609643977635656928
397631416499901847077408
417032995441115343039243583488
398374077725662560075840
830687945364715481143674000000
