1690713269229771165546966240
334174187660249051472389760
66064186464534604191705600
258078078051569197657920
161323379490925315487210400
12601784567555972296551532130928000
161566264864982932799832000
4137399216606379139708160
161643697311943021045970400
14152182087960085872844578724608
20967552432216380573589600
259099632016310025622080
20988512386415359375677408
4146596727491809840375680
3799228569774403874085531840
21020592644051725357738560
1063353086673994763089274880
4157126936216432301298560
66518642448323100716548608
259988253135661219815360
141388108835650713769728992766879114720
260120094846087690801600
353540827332095230321273063342080
260157184360065506040288
13170846923317299479276800800
21076515520661221267268448
4171110339865922511598848
55102364458434844576864580730764160
834552313878530262197182940424122400
21156869859200049881787840
261474365347968947181120
21197971343953925196062400
10057354404889682945147385600
11234928713073820701391561938494400
262443748753293718137120
262788236607109119060000
262829764047158102894400
133089114630356955232737513840000
263004233044036422324960
263162160778708902734400
4219164378466454630640000
276593453791036694968519065600
610307047735504881932956500000
341937601285992122583139968
13145570498183962586851243445760
4226329765912050868358400
634417026988249004542582848
3873964061537051519023153728
4235140674451730169856128
264803817104640722877408
265092103722384919139040
265158986399261462988768
265167347623647541345728
13427582416858072634575356000
165786038405345336118098400
67920976657349779411749888
1740793319902498411685086560
4247713318446250822329600
3888105411271388158803085728
5508989054654706989786815488
265673569681820829354720
21521706974120340543441600
265732187576200385323968
2097630789197788423224756857760
266092481762802533673120
266239217964042009562560
96624456502800890707912564502400
2102890752876441774502904340000
1537247257363154306266030812960
4267027800610485180711168
8000340435199662388935155101440
4269984414249148444983168
2669021725395870061046390400
21626693892527061855731040
267718341600444202120128
135568304931519268433800610400000
74966328704643800568691232448
268030076085829782510240
68643350557745025577743360
268152316522402242617280
229713278456669866217176834195740288
21736278156673202907945888
268396922828678353634400
21740378564871415358915040
16100318480229911850508040294400
347951320236175084013658240
247996906346777505126576612960
68790243509283533991433728
348403631210934513949687680
