520202922606731524580160
520265295603606883843680
42146915900761851995340000
3414162947795960945694384960
520549510236429279180960
320160216836140980503729699328
101307768366396188656056362400
8339141741153276636169600
121606901981600727062745531297573600
521569480979543787453600
676263816056705241202927488
20045960524690939701552856320
522291997755455913174048
522403220773342141466400
30922505404941474325453782100998240
42403326676373428971030720
523885570167920655572640
244800795867109205174222764063680
55040382803907632512012671360
42469540970075947185778368
42493261514230519994469600
134317470617418941436860928
3442493122336928663754031008
680161113236299133677200768
524889507634091636315040
149954936558777215770872331436800
525224473880335186557600
26592127578741391732801562400
525371072016036758073408
42555810850586342808377760
134502813992431421588179968
68479143308703835221873458400
179813207326069199798360134871040
42605220802683803363402688
525999697361607401887968
3452393396919570481029038688
682335053939235022025178240
3566497186909561482738537376320
1996890712915251443161840855595755200
102560135935654833951891182688
527489691382400959558368
8443617155067701539370880
527909978848909599584928
42778683775661376767510880
42781901039796134812736448
3466034095828197957683951808
147871061783410228081319981088
528547894097701704813600
8457074892039035004462720
8470043151150513002450688
529523407878605588707008
42908084974390684179362400
529762228163860800034080
529958964342180815970528
530155755311398744422048
530317446031613853932640
1273366948442424008616962400
8498839810978611686600448
531386940859124351002848
26909259631963418447917452000
531612303632739493011168
136111458779267567174691840
43070677023197987641967328
43080759221796828841383648
2823409600717769553857498726400
2178712227018641788641589248
8514619007981588758954368
8516874971315256581315328
8520541867816385928415488
1279523045170568775163698720
8529516651537212570553600
333343749304700978031028800
136588174563111754930334208
533742697055933656221120
333653657237391715968376800
533898141086975881725600
177224819948916239763759495168
8547148151929799598775680
20521760907940955073828869760
8549014619334058444598400
43300342065827683728654048
8556653351205697500000000
43320970905945209519138208
4551727501784497764878793013687438848
534881049834447566319168
8561692054961742119426688
535149994764788197459680
137037591280105050406671360
43371045573691097332744128
43386535454637219527057760
18143706187964300786414812941468768
535999960424620447985760
536198431343215427373600
536283507178904417745120
