2723899438032274589168630912328000
5654322224003504984588906364904320
6618441965378453609742720
30968946528148886177508481903680
33565025922632887504042080
6636808016886961265990400
6639802541378735699451648
996549405203294816445176640
415088574845114736166560
415111978287561716235360
1700357080051065229182351360
415287535652369407586880
80802887669406335885230785888
415914143775748182653088
2729368040924254826687467968
416142709887105154393440
6662622207076572631221888
416459341549882923103680
416506265306883706670400
6666376434781446423527808
417069659738159152404288
6677695635116972385924480
4175334211205680495985577600
417598360930877183943648
417621870422263759005600
417821741178884988948288
261206210277785867515058400
81335574641993179855415429088
8673277150172710162938216960
107089421799832496177107968
33885649233797716648399680
33899952264928434788790240
568774801573413956322522737541120
67028960425603712544728179200
6703299017229850733950848
419458671221359490303520
419505848205080491140000
419747692709783513402208
223075894854414701876084314560
419765392753750374252768
971123119466992621132791060000
54719220757196700624165420768
419954228055826443073248
69160563220538856738415871775080160
4201251198804329143215907200
420308465962829972275488
6725195315793950935094400
420420688005147039489600
107669098459065463199953920
34092209696723346355720128
6164772173557337936798250048
223838683890606386200085699520
34139482761755604701160000
6174294004193807522064640320
1012974336231279281365104480
32364066074664476208262631610057600
6768341684151371384158848
2775688630519011656986101600
264456413740210725067812000
34274865369124882056997728
423209803883202984656448
423227613307579923997728
71939918206040238736659655314663168
140514244708153015933801648128
6778269454477836272630400
265216982300442109132221600
265272752408859734002970400
1987413673477033144279159641299359008
795998752102320616308968274528
265459460347330744983633600
5148248144588439091231371026400
425076908591536139954400
1020658688311711130461616928
9637138413898669984008104330400
34451335540381146389589600
425368828364963821718688
425535707155946191617120
425720523087233546595360
109031209587144716673346560
6819760727429420737843968
426340990516970661804960
345681156548496011125172284800
34593292083062208112566048
34600554741297106046219328
195249338600788149282745066368
267062792150017296467868000
1207480893321236371654070146368
