20614116968741703203182377600
43533033498686451661175520
70048502467108708245549000000
10872026584537993658681034573678528
538399473067233031214400
286152189302979614733145822368
7890679069930550322194652480
8623411914598744394533248
286458299003501843555036905920
43683362429991469798500000
15408012056339367247019585088
43704127968055254584010720
8634405241844230903114368
539944229212957781078880
7906736843705550037948076448
43748952908321780705503008
8647177511851856020068480
495468257722538723986329140549760
8649916269340849956494208
1978316258439647191206221167429708128
15447729708981736408209240000
811703660585635024085907655200
2216828320565906826712074240
9718659323890325590756201746105600
8666305333333175284275840
43900033418193624556500000
43915471767933435160077600
542285466715485569714400
1302446796137874593211122208
542886274570338793227168
542907741222816764034240
542979301328921226802080
704025070211821913315849088
8694684181654539107326848
8695142475383578004494080
14725008118495046967982205646413788945041600
2230893746259750843702233088
545488364969549644956480
545502727414836170863008
33577307092097830342863686541191040
11021388696996366154702132356768
27692549461899842231536826400
709258385725481704228553088
44328794881861271728346688
44330349827204517483253440
547422661604294228041248
1314386507517790178352525120
44342596451361610917230400
2243616767410846062254100480
8766858461816011931961600
710380148510174258680214400
80302706764391963990227380297600
548640517117738564965600
1709545458252109190592466742400
549520941184638058835520
549650929464298701866400
106917063768441968861724458400
8050025403336015516792817728
549882076679323861794720
990411072580139244205286619270528
550402424463872402822688
11414575163873499746604249600
550720596522899819409120
11426161464086437335350154240
714309765248996687533609728
141128256881997144524505600
551465947796551731955488
8074485143545715940852813600
8829277637989639948118400
1006215454597369832554522167644053248
618981257387106377283130395422400
28838492483142737571357208341600
8845978896000969852581760
552886375516781124730080
447977922511773473732576851200
