193681613253007869618720
37686148984644030034735330368
193797247515440484041280
3100927801758509475513600
193830295384300250353440
481198850268801049490049434231983200
194094830519865209970720
15727666987033119019250208
15730168986146894675187168
9835455759429325015176465600
15738213148047408037900608
15742236385766899909520928
194402692861189692406848
15748675170485790965766048
5564971949025508280650234560
3478880227485846598714174106400
468342082968109149224574240
1950625161810831031348656000
195311857423788744540000
15836600552433715512053280
3129605883982726149276288
1956529492644543644226422400
15853582512917568635531328
195820915008660538043040
3133840749321068607945600
2538663198568266959817155251200
15872197469683686999971040
470521383743927469024751680
3139840825623379721001600
5605737416966726961181260000
50288603366426386487761920
122887565243472519100634400
206438630947116463971017869132800
15936982600548976694497440
805930280008184692664690688
2908356340645242930518819030400
2092866347508292273090177481476320
197183267180862305030688
255596882018471347902403968
90128646126906289287727275648
197233488748300954897248
15979257927152705827202400
15984955252863225670991040
80036774645439815823641590020291840
411761484552471377279362783488
55365243247658334918040648128
8555279161313957964171974736906240
3166585280561926653389568
1305852782383942209417369558103200
3168116374942506632658048
198082005555494025416928
198172720134249520947168
198330705019253170655040
16077228180485877315757728
3180385127174327562343680
198929887198977116945568
3183619660148199795269760
55711680912435146219909534400
2513828379832977552277751859246866400
2412894676253558827078849029600
199145654960292128829600
199169265203389438596960
1140025251514200750265642445700000
199429116459903888719328
478979877456060989813689920
3192230124146631989113728
124724671998043827311954400
199723020484538143595808
3195906348469898073204480
3198286773229169095689600
16699556885421160152605282400
10125210878877422457839455200
200247447393150545588928
16228091600094646828273248
16241359637462650484336928
5382567618186593120593170501050116748640
200874727460749609510368
16271861168048446431678528
824934121454693597321533440
3223715430427473030478080
201500077477750984802400
13209627962218690870486671360
3225648415442470369511040
123975588287456665856731353600
201799673520892700041440
1324106991322947422374972320
126240653355464932813838400
202075733225458862018208
10233859267225401896227946400
202263342559861533153888
202389625955436918538848
7781498366200177655837001600
3240952306026749093340288
3242018233432979738000640
202782505949014670493408
117147856285112244840545289566400
203059573246350120212640
16449950806368179153342688
2812312112139232388566210030560
203234168625856053824160
488067438663929555694214560
32525426346954122456395968000
263591628702333880030201728
39594177190865051669860051680
