7325669983805494932085598848320
5143245115755754316698000698240
50519986358216297708283271488
604990406362504268154048
4776146500105112428025917195968
378353828174815593998251200
30672244649732260367501388000
253457773410482162504289527233728
606357495093326622360000
49132171278580064549561280
17326734959659666996806999648
606738516994791086883648
606808520124653712858720
4986857461678609867522243008694848
6077187227990731999736304000
73870999780515952018429519012800
1073564030105796953695635953757600
9728708697727186362246528
49255321408713527234194080
2491692372614545615690782720
89066368285161264534155006995200
1460619239368060824653206368
30808194587271516318283144800
85919252152333402546286697755040
609246844356187701671328
381078763630750859079806400
361282037458593039811122072960000
49435207112319419238690240
30911560981864336538000042400
9770094516889734382564608
6109576474373913035205062400
611090178700329348816480
611489075379261438148320
792622503889026130928095488
97881475778694588115504857600
30995413767311531571812858400
612428426130340761894240
9804150613348610779779840
612976880279737121031360
239488551350219198256250140000
156995078647262649716160000
49690076396772004538099040
9818701585859797629110400
9820270544739693746822400
2516297691375528734155560960
74680461494476298748983919132000
2517326851766521724214405120
614687283404534291104608
32635648429212741525144865124352000
12392575147074116037068123210400
797134450930611348802227840
9842884408136799866697600
384849550693191268183144800
615944900907806730039648
157735013483817225697712640
51463041438308691544223545248
616173050499848385381600
616298953264542760040928
49921065128741689003619520
31204065522895446672338234400
616983887269334269919520
40450385295174368648463114240
617362026189098004507168
617432946582613619570400
50076356283700344403071840
618702666267896649738048
2535901736396819768688998400
619128973225889146221600
50187408722749415188824480
40615892552756441484884533248
619832070966999620748768
387709297563256033778901600
9084169276750152035600363808
5677761077915560838939661933600
9938732699447407925244288
35425519113587100637548666414575674368
120855538221339866571409809600
621540955769862455426400
621683522161007162303040
621865726017114165507648
621921187313288056679520
120952588209338441711623134240
4547568096343973880377101862400
