4146399477343518398530848
51233151433811760180768
2594303355951260879204628000
66448837306498975806538368
822096558247819372404480
51451582547939168720160
976295832458931542024580960000
51482145180777261070560
51502935547067097038400
824521652646392071771008
4174876038612034231322400
51559223404566857654688
32252373075462662810719200
193462412372012601724065646080
508485223669520173536610921663200
20176937198097529455192420000
51668259148452613500000
12104037077734244641283142528
51690332329507484585280
51696465023624916723360
7849967725892746083231272875680
8305729178342971619325196800
124791400820800104802504128
51982854323184470326368
831838990096561207557888
48803018719813000776452379060000
1079214284426971842419770368
12192745774338785502687287040
52055561913693774242400
4220530097575675102341408
2355914970215277754833223752960
834117715917487049569920
202042609098450667532839499967027907200
13347265971445271051762688
78240870001138242377930059200
52140689552364149056608
52161679049494155027648
2641927184080405484645556000
32621429415858544442680800
52222213646087457960000
836569348004357381702400
343202436016955897815742400
132762068641114475452880658164174208
52407851192173271340000
862527291123780476704620823991163648
496895437074372351206836816005120
52481004077892388279008
52482244616932119530400
90911272182684616650500598758400
52497132800909424582240
13446057017631724523877888
840455525863042841431680
3929426498521102010494623986880
48546962864135714672325664320
52617595274266584888768
126351047628048055102583328
10552982607096254720838836954400
555634669950991680473387287008
32915837966181453532250400
3451970481681070366135050240
842921110620912306297600
32927500089477154301899200
11361175393816472610999372902595868800
52808024337292761378240
1095118725353378070119943168
52820488650719710546080
44821384465154669853925968312389414400
52874110342963489140000
846200354288792241307008
13540363597305067943193600
52905304507509703500000
4286003647875465470673600
847318872522016837657728
775435757118835507309109088
32588605065362217216333381120
848668559844764500915968
53078995855674550795488
531052115560294589075894400
53145335986960820509920
1103965117714719716746687488
53254368734969183274528
53270675380480064428320
33302327120872117613860800
852767456428226600822400
53309575570530722744160
853159078655912579881728
218450828796376764006279168
69201658031001757068614400
854445350781638266049280
534032114754180369447993600
4329507912951665051153568
53495586343455249066528
53496844826242991929440
2724337875701809531772896417380000
53558537688118455553728
53566095581291863654560
128686097504966213113826400
53597595413187277304160
53600115999762748484928
94664751039544318983797521034400
53622805279806405447840
4187136861676895688985781266560
53637935467868320979808
4345115394661825859726400
33546097709860448922636000
33553983492013602573835200
859049613819811311996288
4362608945597978715625440
848456569077103002870703590048
53929816139401938122400
4369067234315054641127520
863419087502253376768128
64008342585487510483117699008
70048098704798895897024768
13841843348090117988991488
54142840009173449394720
54146649732816805351488
54155539869849799106880
542375712359183177886499200
54259763019439752060000
4395899420635807696500000
54315749614489667518368
54329753030366613729600
33993828748742835097540800
5888869614756853663513914944640
4408277446046829387146400
545146605427747740013584000
8276441548226948813988453960000
4418543460228489341507520
4418819304828801931775808
397777108721097177991547351612823648
126295010332733884823481107808
358201881546835414453979328
54615502935929978449728
3914402558491802497327421760000
70840378494850854122120448
54693513652124047514400
875234417893451605363968
70900069181177747276438400
54749835535705566323808
131591007073866976571348448
54807482443899365308128
54833117899025064956448
54901095347899913837760
878751202320460910322048
4587166152145629110849870400
360470890492725305305460448
54972989228608229325120
879747664365984971238528
55012817976570123249888
71339231992378996240560000
1141604349668928459435064320
268705281522151052424347699520
132238801915382592234369600
624088203735193999200574589568
64609719405123599487648304615200
4607239910328594150884693280
14129933542701089073830400
1144947662993379567578457600
362293845124356230659797600
55290935500096457109600
4618220419547551210474992960
680058516690817133738823367852320
293599816219794528638091214848
885011066442913238801280
55314159463513794519360
1147015594382019123124546560
83014552541456020059553070400
55361920585558131722400
887336085068786274007680
142065688327800062791789824000
133301281742405520104053728
55553274436224779092320
34736658148977203857183200
55601190306257659509600
365195264709118753764294048
4509505394530994136087648
55715276902082053444320
5857212066878512180703802240
558023208877908421413744000
14288827855181020870307328
72346522246398009090673920
66206574183471967939807507680
45237523701817113212208700800
55880234014286236394400
55934867272530198624960
18083330433591058649826686961408
560917698514173091073270400
897474576862464238081920
1163155218532820761175861760
29817137505698920374566133600
4547119010667513614389440
561408165233142443886585600
129174714492276102778148898477600
35098083301958781194431200
134873628355994855455853760
35151298037913329850024000
72893654701806723207096960
899980900508072302085760
14419734605267848022799360
135334969255975611042281760
387816830103717208772965173362688
901989736037959281398400
7349454283456155846303703488
