4002064399414347099624960
250162039369251376160640
15645760335537171805728
250350183791878051440000
1268590852746650158764480
15667793881253922027360
15677816818833230299680
4014371322162330771353088
15694365178288727050848
15698880639969203054400
15704400860709809754528
4020535416703897413450240
1272354627160063124042400
37724862452420399222685600
251573701220408790537600
15746100384181076096928
20417321971489011175313280
15754148383893846141600
252088511114588657704320
1276629449955319341000000
1278219981532804634121120
252567831793623892565760
1279689483219453659340000
15818643495917940032160
15844901119280473500000
283047918463920891181041928800
253831829508012655286400
4061778616230853994657280
15872709163699872321600
254086816855419400506240
15885867518504207643168
9949756543305314445496800
20643306602578562884227840
330433615272643242384227328
807896657776047465829291200
156955205472536289261784535040
255519111264095897981568
99901890266053008210805680000
1335132798415056776102412480
1295072248156763101740000
1296556254554221663132320
256198818302581103650560
1297188718493003255608128
16015354645333985697888
157515419591786547310808033280
16046957055771930039360
616872216004373164297004928
1053408477229568987808153600
16074519822319859561760
16091892363286829815488
161003537969205336240950400
10064271289732317762974400
257770973894440346046720
728682420953828618440578382080
816072801243963637789684800
1305984600511454269818720
4128479151191916787545600
1307228989493104617689280
16146144209504177639520
258459268210566243147648
236707561631231216667823968
3145085380354706135114372640
4143211576359118268425728
16193341813062938037408
19226864977970996592607461408
259506633454313436067968
9977421074537255970104667648
1214403133203208267951487169600
16244246041867561475520
1317341343568374994449888
16267423959339421710240
260297336097816235666560
17061151489026699903178014720
3164454238524923194990977600
16273093443037712570688
16273608924120805490400
16276702067803352766528
215051143334726892682474718493600
41716568687043415999364044800
1565418792418646242259025901728
4175867435607926731545600
1321352471425776652590048
16313854195512108319680
16327802627230800621600
10207266932596795350088800
1120263460875469095892910243040
16337623550704661222688
1324241122381913064783168
339361168786806644154091008
29453845452159402556414742202384512448
21234208068358581618223488
468120015598821455141463360
38407990146113532211723709721600
1328142012159331986926400
164002453899874934490806400
21257495623849328989453440
21259399780034555807657088
104601014358791254890711152356458528
262750866118732906209408
262817305298390491447680
16435037978189216350560
13319947014072849536838278400
2876815648095969623298438021600
80269961941053328162602282720
15199944051805697765156436960
21395822577830850856595328
268187872011105453948270439456320
108337340683987193210997600
10335532606054187493592800
264678548464528898214528
16545932115509901218400
16552196325509221596960
1738568576069330898084762240
17374591309753522779307573248
119591756315516043615146549397428160
265179889830987330248448
10361643735219795725599200
16604990606468814440640
16613365630624940818368
16616507081305666500000
16618077973704317711040
16663682324599608830400
16698341291249864191968
16702546048973667393888
1354169795642540329179168
317363744413542761426420742528
1354794806637204313500000
16726212609245704931808
21681888809145392255022720
167320279090102107577795200
16732527937408232442528
15719074506870674240146012440000
21763853170695246464058240
16798418997989224110528
16812148750431692243040
3270548602284389829241151040
4309643172103707335385600
40436313928764509057121120
16858151819708514815808
1770116577117096349374599808
16882513402470664149600
1367512199711534382498720
578053191226480735807972157136000
16917513084773310692928
16925475141528821469888
270983903244361505019648
4337867468951643203612160
271153913353766279937408
1374852192604936687002528
271694225685772551742080
2717987649516288479324044800
271800681430441112052480
272069088656953870579968
1444629008352199022430978539520
4356396622369378320534528
17018040533901358778400
861649853102224398754401600
22067185149656043107040000
111730384691506190012447520
170300645276435964551635200
353223811541467772305486848
40900555906875556251914400
16349843687168899473805245726720
17041507896498643736928
353488445966885756279781888
22093114341501117588960000
17056988286078961540320
273025035712357718649600
17066067899197227240000
1425440671459985284984440000
1382755400419896435774240
48238989600057738663342338400
17071410541086109586400
17084237999590391488608
17093328488794209615648
1385238446039990803500000
152565646646274550752987015832535040
273812160610718245692288
867150833029177445582752800
1387695903595371240897600
1388882433726646781484960
411748059783337186387062345600
17152237013808883313088
112551855079091230962986400
17157063531405182853600
388984404042771454838386503360
3338441790340565642096186208
1802095123721447321996423040
2606640235222988545926227689248
2752214504728088018954227200
17211835283231929631040
17216674372827662338368
17220976642351249879488
1395015283838929411260000
17224741789573689505728
157673811962463088116019773600
22344128990202265100426880
1397224002963316215425760
10781139156914847756050400
157944697646327764362132228000
113345223271663779675417888
173104038282148210968931200
17310970758709207301568
1403253157493411647996608
113695804148701587067281600
224672887446172980617049408000
1404449649152143666184160
22476391022162857107047040
22478376491691658064553600
17346634363206535427040
1406669559644325564540000
84771483233459593917843731520
17386144622048064141600
2267154804273607295828460000
1409843332993557216661920
17409991602008295365088
17427892929362593304640
279791738574413660821248
17487663736797772670880
10931626183580776925964000
17511615056154467329248
17523055036989259311840
397347413395511151465495382080
4918403819862054188700222048
17576515743961958097600
17580885277183905579840
60108327742523505512238792480
281742350879959618153728
20887453389712399370703728928
1207919440129272834942420361920
14275732348389214386522633600
1009935110041087539384548081568
1432506637323401640900768
282973784492952041900160
40917434876672581587413765088
72467559145050302511065088
2834703434176698496932326400
22970100436452324802988928
17724438304632649682400
17733783085318797583680
1437163955634162147537600
11094133126191439815324000
4547259930547317354728448
1164528114109315229017507915958400
6443619019296455999746896467328
120201557585878602521807093568
17773401952055350542528
17801505453900733437600
17803159638302724412320
23080459015937732716914048
684244739653491999972662400
17811983902232405247648
369698769055158914944581120
4569813971840127491558400
285793537734018653089920
10372843068798723471121311000693273600
1448827053744002173446240
9507562447681510980027986880
17897638876022920120128
17933096053086893878080
11227047533516412647095200
1455292173824750525378400
17972492972505210151488
288206851825607273935488
11263591807002570257563200
18021969485560555832640
1505981323198661437084128480
11273959897718993271434400
4618665818462624747140608
1461914277289768015702848
1462200090207931727085600
1462726697391723278829600
515830372527912121705977120
289129155788269521406080
4137932133314082454812285162528
289383511784471964000000
1465045459028675162515008
18103354355432470950048
18106704824892254289600
1466658169052664329090208
289812280132017541686528
156292436071283757400006002659135029248
11352473688343639340666400
12850618710182031288622559040
18187255703927957696448
291065576245669633170048
291240464465883401414400
1474560021644775301593888
18209678566058634228288
74650179096241804237977600
18227631778793560638528
18234929062171201874208
18268075043153323327680
18272572889928634237248
1480700949281264137553568
1481521186473701183616960
4682908787071745052523008
522486059084651401434615648
18295074583677526531008
18300140327484570540000
18314217357855316500000
523113198884430115413959520
18326611861178436728640
18331120512713460465600
1151037817415298459950311562400
2688682235731677729491127734400
3325181633362030181020642521600
5139983537357052343160950848
268968561299021457686580768
1560948827807083977816421367808
13625723788553317313120432738400
1490001681760211812701600
12670217648232470113116281667840
18401676300933478845600
294596435358464199830400
21845410030179415824935934528
11514266327233641442629600
24014122079658002736151031203200
3821538287184967256658170112000
294886080091223027019648
44282359752513563128140000
1494676091412647945575488
9812937566069952436706421600
295751758530137358134400
710803683287754573220529280
18506472407273788610400
4739600945410361901032448
18517260538846296842208
259238836159742177117752437633449431488
22000773563032361646467112480
