10586520473626323861572160
313824498922542619343988768
169495110406989822294000000
130797822625608316777920
130957840270327733028960
33531749153388410737494528
131048992787031491810400
131125400443157204325408
10624286249599648217169600
10626083965778599568996640
82009783611532681809223200
408307482941594849199875433600
131236374229676554675488
147267708239697379391620970412768
2204492784251133923348759838720
33642873395844308756160000
131446183551754334036928
2104413655542473127312768
2105698841913548706311808
33729089468377094497305600
10674641785042904062500000
9038925609233576315177942176608
304961389512455213614759082400
865234234813561986622642848
170919646844562695493786240
132037466239770220802400
132260641201897648440000
4903845624189971849796566928768
2366143453779606602590402336800
25801321524677499550632170400
132775017214154281673280
2126162700187802682758400
8710103711416358174843609088
107684863876332623039983776000
10774880345665068931029600
3800619386418692515853242080
133111287180490890369120
37266409876439643108267941280
1950070656741471082026093600
6743666037621473661300062400
2131446575591904751689600
10794203947905728110764480
133388253980587592228640
133393248333980118993600
133408232235659053411488
133458187691649948118368
133573138481997852356160
2138460372015161255088768
10837320926504124376715328
83624536324054312728693600
2141342828677933686000000
133900905216002837797920
21427941660558479409544358400
71191737091277564254772650848
83742235172841179822162400
26058487980713042589869822688
2144889839355881519180160
108602441807131420083916358400
1140217919933121551011721632128
140619456953184703005894082560
2149224362589440441537280
84008453636710535069124000
2152419248689455236924160
84126557445538344462132000
141293687434267090740237139968
84220878488111027641336800
134804745123836576875680
323904538549101909517577760
135038978946687802481088
135064183542600621925728
8857261681934375549199360000
34603944373131996380305920
135306327221299495905120
1981591109623929048828955680
4757804864407490828082904686240
2807241024419777093124049920
325049736997366492815351648
84622628045727472428607200
135399740301632885298528
2166789823380168677846400
649034402770523222241186518439691680
386490378312642791690893144450080
314119413332172752198836500000
161047558602909766991488225248
176059985645049851345420160
2175025135021458294570240
136032177881146440462528
722736784602450533625372131328
136166538776583640411680
11029626588285166116684960
45184485369415239540000000000
21444632239232067959597401497600
136422860550391914613920
136443178720397102661408
136804204051340046736320
14238152820839664548588699049120
136850018936931622748448
11087051088242508668654400
935980271041970378769280584313405248
11435917285928315343858077760
156382969162863202105798215842875283808
136964606495532682033728
137002818334684312958688
11098122562759503259816128
137048683095165226004928
62636671118206055383210658688
137094559370373968727840
2194053388251396898350720
137247563474403672134880
137270525131214861462208
137336874990755709652320
178116253528626030172883328
11136006926670780684095328
1375106468511206018485497600
986849103532746127433896942752960
6971934956455885467119140800
14460791969095759616009592960
6989431542317111462618923200
5304422543719627441533974400
138129823931306460327360
86331780815491905941956800
138186227911454042214048
86372162061695508374695200
86380175897626472355045600
2215013341111390201226880
1266995619516764143585234788000
35448348687359588770242048
138581539593022787701440
332756312370349464130026528
22191338043382048138990156800
11236279403329698300609600
