147036297134759792717498400
235408688896770414307680
4884808408199330164153966080
19082251212015256767609120
235680281543507063941440
60353380732225577764247040
60384744322510799569018368
45874405238991435505824062400
734394142812453330361180118400
2361473189943691012446816000
236166674162750489745600
2008203336212392052225867894400
78455762560733684926824957441600
30787231649404345128555837408
24801680764687084965822487680
306252943801669225810245888
9083253432271844587411655040
2164494613866758280995268427200
236619272367923629971360
236649980520688734919968
355411481588557758280995170400
11991706570922650104227853600
19187415063921587150828448
2369051656530101641717334400
237049458562785474698400
569317923493658273652490080
237141717580722300319008
60714554472791609074011648
237172476570354337948320
5704422892122247877075037907200
55698348490043345703449078400
3804288956036633157591168
237776727545438685817248
148667285845715615451952800
975597453882060384162402216000
4410751863141164751882091403708340000
19276354552607481238509600
308518688268620003646108288
60951135249764187851985408
3814654513248691372840320
149028881784551520762964800
4945590159939372998748215808
238664019753056779796928
15664702166855417371175096918400
238779936327177009251808
47896268616391609198400387234400
238911359483698350482880
309659604016610537248078080
61220342825823323227599360
19386186298317341956645920
12494566491615299346988612572000
149778269948694345101589600
2396834038154681130459619200
239747550620609099135808
239863861641749687669088
61426370319409729286281728
61506094014831180087360000
3788563016593120071051422117280
4988423940856795129603806720
240624802108520851562400
240963146047753793996640
150712405471652582783229600
2416177044380110266006710400
1284259179987988159784328511488
242023258935603804099168
581233099046985555831907008
242234137981151881594560
313965398501849411862588288
62024315861150438004016128
19631936768490293284683360
243051617088670995286080
62272737490333798107760128
4451488205026622887636595809626309120
243541527754402471234080
2435825178059159566939459200
19742329784248690362901920
152349308037183457316376000
585510423521943450449851968
3903839257267171208265600
1525336397551958350450198800000
509126910582874636715263681920
19791011701347259679919648
5068194351887116841684087808
6982990702228505807739449280
114221952573858311432580967946400
2447520251526987884278838400
244803011440061535059040
244999944454349603499840
327465352438341525356481488640
245082691741946083897248
476693450609771197910306648937600
245118161280950584276320
245311340761526592146880
62828606946330780173337600
3928279343038783162829568
589545960324837896792620320
245634876110206125182688
19902927299743051804038240
9443368394944222443165014400
81558448707457365785352253440
590277249109406799797508960
153690622913351008133882400
245942926137180372112320
246014055732449407922400
3937379023838980342003968
1306501207060379696538111590400
