6477211695997155429936734400
35841483997661898786777120
442589766530452938936288
442694140772665018254240
2531554459859650214304106586158185351037248
35893882576899617165473248
173130114531302332563040860000
7094632302264864738522240
443425277457260375103840
4682798391976452907411134931488
35941522192708051458979488
444009607781428492528320
444151164019400673662400
86480989170287350502977914528
444705405116162561685600
147547648242850228896190187520
576453327920814583311827328
3189772385899951343877529871533920
445099847583947531215968
1069255808808078759750267840
445766064178900056953760
2924734140378964933727647680
114164114502063493627845120
36124385666385508096334400
446062400382102718500000
36131888091545212478349600
6531753083860915846630588608
7138406458061397128395008
278933373790707058953132000
446340349735216923837600
7141569158485406264505600
197311867647075121817073927895200
36181433410128407694152160
37322914802769758160331644480
36217498360126149872765280
36235540942378960654806048
92763631795017054085521143961600
1834846120716336282584699647200
36295564273383688904786400
964234964707875826623672889763568288
448351620420176887329600
7174493820928508655081600
448407413690398961080128
114823050720030738327187968
12813612187822532907376514400
448649244702667302127680
87263633372924283260253660000
4648970457240985421589647441271657600
448866355804555631070240
36363368097351763959506400
7191122983382818165545600
205386427595165076775345184640
449586487426528824905568
281179507619136942135885600
449928231797316589638048
36461642485453898812688448
36470708499893539413765600
450338582172509225582400
450500312393406041047008
4964666972776003774976902661472768
1403030092298117939729569012608
134000762362230063560724163784771481600
450979538208177309283680
4510383786166592154222441600
36534217948449057211763520
1850107727206056593431254571200
451290928477940665404480
585418856434650991855035648
1085936034120490569366342720
452300940677901913149600
7238187920111152975440000
36659800044433030971306528
282990062569397861449598400
7246928937910089727440000
36699427061589862120003488
453687783791710099383360
7267388817680285105457408
10300604314507207880098038422688
37967979177518066834415182400
36837613386491750804911680
4550373827144551642417660800
116547067192120533948392448
1695089239915291349818929215927328
1094455512473504464723543488
455893276618325973707328
88665254401695123823090257600
7299440931004524059324160
23099771751191910267201460800
456383080111393321968480
456659553571991834722848
1301403563522625104380032158387808
117010468050551687227696128
