46227861374789136222048
303408729187159488127466400
423184244700638729934941330400
46259451556917340170528
740616280500899640042240
3750703778325555820768320
86969729666366927204495681760
46475373850256651445600
9047715426559392733221952608
453473752075228389162786958247271238095203142856800
46594396088234161860000
2536870047257733299812223142379488
291480925180930086897868560000
46719331098084861902400
46762548797281933006560
46776202719007874666400
3790685502083250832723488
749316352167398155354368
29279674480115179214608800
11993764011884859204607488
46880982146527690193760
60763785240002723846206848
6866849819154586016659291027200
6113361419124338614349499840
12012441352269160635993600
3803426114194744903419840
46971096176590495591968
33186873255395917919266405235040
47056767623104608024768
753123201507057501845760
3816167924907888747535008
61067954489999904171204480
754651827610337480630400
774853075430546722810878773047680
29482988553702661364618400
12078057173213706878200320
61158957421714354913040000
309718904459215411124411040
47228462042539473910368
1692976217845484260323519965589600
12106228904493478083445248
47301861147114039381600
47368452953857476719040
61480256037800368174892928
759058441390533161001600
47450066198222982157248
3847432079893379152140000
61603556519813587303777920
12174514042479155349961728
1358988027513750422893666848
25290661510175471505138288960
47628602350072581277728
47690920220101245299520
312911069859861501066962400
618509757783893603898121689600
47729033455203648285408
47821523993037026869728
3875449326567685508382048
1084732818834499263518110560288
580080874957329928709988917568
29929256603544102986968800
4001501785111374536919047520
12276221427344345269513728
47968628722011810423360
47997626278187895473760
48091668671058916900128
48147462666717379376160
5056407019507804728389481600
48237066921078781432128
48263856070042334974560
441649875077129557580821279200
48313970060656442421600
48320965811927566150848
62646768199224219308030208
48366456715310031698400
773886644615204012457600
48386296132197972674880
48395634440005111646400
116243972160762366453825600
30267267742363499351781600
484335268133033227522262400
48458703377527271537568
1004868951845884989935385600
775530908063465381958528
30325853798940683292724800
48524173291185412500000
39552709446270514927922309477280000
2460039781028479838056360800
116676343052438853341417760
48608446346448225063840
48638905242848656282560
48664689333855986109600
73119870524979747779566821600
63158231942632299222933120
117011675576460084343922880
13641838199973988961331162528
64941744366777573701941185071520
48928979218922428485600
3965408746281463965992640
783725593370720546227968
200748672063816794870704128
113384543439049134268154523840
30670900081544323368362400
785225058908008518455040
833760478842766847266749655779168
63652677081211916275818240
786433738258081055770368
9858855000284771827083225337248
49220348727689210591520
493008509417879364105705600
3994067302563041771628960
126338825952726500514914150400
3999568017491685290122848
4000976089303631263368480
4003889417401594514901408
791358352732808901675648
791890071883993353511680
4011676760779851708020160
4016553627773393439467328
52007232648289059599343452160
31000149919708421831652000
793639035842912188046208
64313791298660772186530688
49637826058594553633568
794409877880765323309440
727122794723185321717516128
49714015422382060857120
1030963479471676771810403328
49734267956559602940000
37795193213774117856924873567360
498027554017270255592476800
49814147025061676183520
797069299203858087330048
140778002779940097096231147168
889650445253468239851618732000
889871685332259950884957192800
49853525795491918500000
31163974619131421268434400
29266976659494363299382439066500000
4170247432993675599692058528
691545596362250761904380647360
49952672577260707420320
31268564220680856978823200
801056574194525767399680
328748937370426027708194528
801890334219167616009600
801899921449600010314368
802504090297544150237568
803194986944949978110208
30857395583689488061326113280
50241394823074564225248
804424349038952285376768
67186703764556795820004647168
12870904903838110975311360
329882430824126561794860000
104840306764968523275287371008
9781864334517241879227247968
94619201786681369679532506681540000
50327894393319333925728
50359157781748907010240
50385622792747441193568
4081950189264647157445728
65358391945663956926741760
50454239754379733034048
50455444185927514944960
31538717805841118308394400
50509665928015654158240
6583809679925395918040541600
4092519834103674141368928
4097796054790443442003008
4098056741017857255699648
50596511600624486830368
4123841822962873887616471332000
65623018276248760986468480
50638768675702617630528
812682022717807374000000
1770173125021759879673627115184128
67954121893078825308103022208
1553866780934907998224401416841600
31844728912988207062812000
4129232862659355771783840
13056410506010009800872960
51005701611966803359680
13058819660077965807659520
334732511201740996329292320
4135167846470592180422208
66226092656909901255872640
4139303157581335223306400
335377531488969566077392288
66259455463910781423128448
51143053795971173601600
51152788347776852130240
51154005264455213279328
1461028259589404053360015008
212951961329111110786812781350528
51173478884392935285600
