676037291919145223312044800
67607404196213429925600
1930997687882663087287000128
1082420653241954311980288
1857638555206216867398862823451261120
67691445166104612375648
5484912622490629498500000
162611634791120982052386528
67762040006067920912160
5493676495529784016351008
67828178821636523649120
7121431549473389218726887168
67847729097540573669600
42407274787698422773485600
5499159246708655189556448
1212523956088132845776390085600
679305638420198808031929600
1087821469248399910598400
5512660209511409605093920
5519257045936648761585600
10910191064144727944744064000
376533147273427701222304860231972326400
461499894746935039448645145120
68219987966919503484960
1415563739181973051381877760
88519985416998346170274560
42713431438043011443338400
5537980237179513276080928
1094476786805192779164288
1418576590503470719493913600
68413500962465168109600
68421068409055216778400
14194791590649328929272873472000
68481630584703996660000
42803290996117230872980800
17534932648673198304960000
68536170909499355265888
5742319363223339130609022492529280
5551961789751684366961728
2633640377123736112580300160
68561937384155114504640
1097203237957926799010688
68598325951373046480960
213490114239263403050740022400
68636246109422406730560
10313085767605371908264969245153310400
88993708196588727456240000
68668111189734745721760
68747062950459233340000
68754658052142398613600
4510439827652365896955158528
68830643686574345505600
5577458066763681329981280
1967455743521563490377985088
43059645701851023981940800
5581852919087682037500000
1008986427824992333006137408
43078476304851513496557600
5587031495157628761258048
5587771585780981745916768
69094040030400826590240
5603742532299716501064480
17724939865215141081768960
92534702493166332275141577600
69252745724021613106080
43283538829223892216309600
692688604564730501280220800
1761206640155895935580689149920
5618963135331200279511648
5621895314064707522689440
694179212046071338860086400
69427025513562886475328
1110838529081168500905600
160694947948891622720218079328
5627887131278014140273120
1111916194120835564186880
166894350840751919879622240
43474772933436270032325600
17809630689404492896965120
1113104983200258550790400
167100377408677734468165600
17866194055832905987438080
5653188038277927338732640
5457938414620136980870837289088
69910298475707815171488
43709705160226279104904800
17938566796978203583011840
70101229649858528066400
689510827362163556943868243968
90891318338599601996484480
701936788311059838524332800
461063339212505905039510368
28578462698505736122663359196288
285101316384834548462828814350395488
70348170018681036213600
83522437413216395455863844128
70434753085137680218848
91299645767589812653489920
70457958542918945167008
7398176937897081682624239360
29705019069554035330987294001945539200
5718047561691114001730400
2712366096704607629483272320
70626757137163362660000
463437523641380850232227648
463712187270302284803455520
5728220270531995833001440
25112816507141491730681497046041778400
70769465220615754228320
5741804989103378408019360
3592186007420357182180044000
70987044512344759138080
71060201351694883525728
71061758494268550573600
71080446201339715665120
5758819849132475668814880
71103811018117602206880
45633621040761321024364463127345600
1121752782687002242623600106080
5772121882332323497544160
37880721055721280724111107360
1043988771862952016362220960
1141310719540836837514368
71342461309385025410400
71356518244726789935168
92484289544231015476905600
71458102242275279990208
331693954697323361541327513756768
5791822443038704749314400
171812919360965380148030688
71584843282053837122400
13923965573228875877104785120
2788692480290052061661876859360
71611464644087686171680
1146830001389168446022400
4108573220489122875079454283168
1147519748493184225238400
480258178656148577233657868073600
2052979048992243858991391328
294563445636690385390430208
5829591885828615604018080
3644439437053810929459002400
203476731721308801492448670400
3648022808923211653491163200
72093494136096641011488
6024546224056089277861605600
1154371344190521357110400
72148602756501457174848
72161203447362752326080
23283340535380607869039427978880
5849439312597970831616448
5855186222342861147011008
5857145395569914297997600
6042445335878976420135007008
72361460580918902073408
72375667828887784342080
3664774834103819743805786400
13990417575276639389877797063853888
72434097384559535133600
75963397312971062455040409600
3754995993017709085119074390602848
72547899538987301840160
72554225810242965497568
72598521294631060523808
1162456373718565406160000
5888259718170256253661408
4764298038995799921684307968
72733113978243277419168
298454580731455692462731419200
12734514800247328582476205375200
72817131144965073061440
1165296142421945749496448
22791234603371149838274676863840
72844095459116269649088
72947263369681086872928
18678819269235474154172928
72983795173578449885760
45625397618096199890952000
1068845457882247014164810208
73010805759348079135968
73017162280709534566560
5917136729832921324438720
5917523045063237840913120
54149234280504296030330023058400
299329390228309196754585600
482145068638091678500172514492000
73112559917624968247520
73133241720481836767328
28577916480437047922582700000
18737337944578235406985728
126821040568325758480096604533248
7688176514434839439667933568
73246273615511990793120
73263797314351576223040
73297260379640108972448
5938412173764103361240640
18773229335460565727400960
73389741731293164703680
73392932303517752291808
5948101773141944973474240
73445591766232734441120
45909081706012393237924800
73455169257668572320960
18809172264165859343040000
5955905119778721928120608
5957414939653789490319168
11768037872850251272711718400
482677588990332270131728608
