948946379901433833869801233130854560
14164677432234480496931664519168
482438796255188756934638688
32955196380630515362848
7065459151550414544505324314720
2674525357764141842888928
33032270953321367721888
33041914771994827860000
2759805766948631275739514048
33062963160481996249248
20674441917311418772737600
217066824966441219162797088
33085776927775211640000
484838897567500453603512480
33122654873860269402720
8494335499946897291977728
984580789665733913108104278753600
2179174075349195754788732928
20787107118017144207371200
6469193884424018481677492640
136256237318877030353922048
33299569171021880184480
2699313526652757943658400
20828440922019740379115200
333255495975039997316630400
136699955016683981432136228000
114060371282419530934022305248
33447095886585560258400
334669653836864789739004800
33467452274938281875520
8568432674713859845624320
80386329177048653630884320
219721967176890798828486720
2713685180627370848195520
33509079005125161297600
43432838580935094639245568
13100743703429038584560520000
335379304805712349544208000
8586578453544619361533440
33579134813325443623008
43572545967818341111109760
33630638076565407683520
2741081977401354994089579626400
33653744968367249150880
7887231834127589375152807680
2727273681172453356631008
43653765110802034219446528
538940115988187446756608
33684869200295986273440
539103811836615178927488
33706224004622374352160
7225704629697545516684246923968
33716905213559631624288
355958056069968619949003445600
33734712869510307371808
33757873366658813486400
540129537950268314555520
2734844863421606436135648
2735711144020246880138400
1297525962500301947960426880
8670420527114033736000000
33895299378528046507488
33902449837698576332640
33910495456494024727968
6599725739335970601490196640
8692450259152863267878400
29037229308658600286734693022400
339654674287336047466915200
81568236135381324870690240
6609879710020389974058246240
34016114984766433568448
1723130664266569206844353600
34053767847557006229408
503269541984780416641054706560
498994374739924746496983840
7988550344124751173992545920
341448463821207299562883200
34150733031997001674848
21346118123879072724040800
44264106562983349946986368
34158822800467516057920
1312695567310002132389758080
224254998538869121469126208
34183100729571074954400
34190296674716742600480
106416437341432034649891098880
34225393178299205894880
2772937504127035952422848
2774907252361434943029600
548330456014494342908160
34296568890166819725888
4476679561343816053810723008
2783235538839154406293440
1321543498694060938837540608
4483389126824674699563897120
2786747788375073767804608
44588062222753124866377600
8808434335042251450240000
2787211458303284832458400
1973594979405827748883999453248
40927934231062416683542570254681600
1744332920541342258139692000
44656818535818882410336640
1324462153746086385859382400
315847345221241097589242095200
20466285440467597965156176317440
79975942311788320629789891648
8853002807869095832839168
192106536238690014809345724294048
34587826512306442895520
2802594065064091231399488
34608701370926610473568
83098917204657567901729440
554185998545552769199488
34738700618385366829248
155553187916675724164693977728
45039744532727727420240000
2818089471627112515573600
556690029217036159737600
1043907826827105518142072923520
557091168391847373398400
21656959353664156876949379238809600
2822053400893823435621568
21779133261456099890829600
28243709097675842592559584000
119343063077237601823280447520
558551684030069305094400
5587889231883609393154291200
41442811257636615714186831840
34950387127455528437568
559436689111125692439168
2834958876774608242679328
179579250499959402720199845982581600
560249477800446307681920
726416497650128393021760000
2840499787329761235063840
230207498737824605130495648
35097857876860879607520
24793806820168738064239496257728
45539061835361780697575040
35163958328859058209888
35164877047561270394400
9017653076234272836326400
84665881785255493563540000
2856350862892515422221920
35270649832661850765600
35274333174949112503008
35281700724988488244320
35303810299909981917408
47210990168236816233281595648
565425102576682997209728
231891732214742898314755488
45837887534249414627818368
35383121618217174922560
1791837552499578072532245600
9061003554989522523225600
566377350653757590640000
35398815241976787615168
1011143220697798965668049600
348244240532540469157938014208
3719422265400554771389046400
35440382386766024054688
2873841095820132918024768
85193517712611776218789920
35494936982241762231360
9091293667048102044065280
2876988850649587525053600
110524769689774129599182232960
35532884877244913256288
35575496775527922446400
569812437817461989225088
569931167099810930889600
570280041671737494860160
35722151337175147397280
2895025655949354858218400
2895251651307979169694048
46340602122782343379697280
9154066348215812045349888
1323674331921962210943947900160
2897085213718815224139840
3754901915893045164759827328
35792855319402064255968
29203789782298332580808984624160
10872613286247492719968893258240
235011399014973270773708640
91708117981110075375907891200
1870252290044464586435488605600
74733943013527471848514166400
464581558277084645441593113600
2904554030744990428642368
574090932616910384124288
35883248332451739957408
35904706814774079662688
3719586881923377340083084917741500800
35931776878115905190880
745653460993625101908856320
35992506759904589689920
236444810886973691966639808
1384860995459949326584758528
576849273139844512705920
147687552944841927114037248
36107637011922760817568
361090896005782513803859200
36112322937906578484288
36117946651112489509920
2926110498623634913774560
578168399819223094958208
36159207286908022363488
22606306860804812571784800
92596664029830535080670771200
36177973803317148430368
36182666573575920893088
36216467997769116822240
46954702881037785517377408
10141814030714293410644162400
36286963690703338211040
237240797221429005475622257604735328
36313308447480255540000
765378721532784498500242979173728
36339667546603570239840
581649407267679798579840
20983159252702006815697601937600
1840388588294843198060251200
2947812184619021280702240
22762005142620021592644000
36423547132344784194720
193398862274401380046782455808
1846831274542812528263966400
22821130421353163417364000
36532145802714549854880
36547274404324220499360
2965055747702978756284128
36670368544675449925440
587708716348481978328960
33952166792859134692675031328
150716785369467110322966528
241456610883836764779924960
36807081669238952562240
23004663724914349530811200
118118006752630025891453868729600
2982785688071614354688928
36875581403685037906368
2986973504685138737942208
590386404079302019440000
36908914399553662266528
10330632977663227452638690400
2991139996891139416765728
36945130090437593545920
36952757841193039560000
36977556188525553308448
37003321526897384411040
37004276057195201212128
9476363436971976204602880
