32684946551977506150101760
15780988305243028956175200
25263630186992127210720
60702005415385532412365760
25295189883994972944288
396049911739280737797289905851858208
25308827071960883037600
25320315295932540090528
32849655864404533694287488
25351209277763410087488
38051812272284966396996042400
2054224358301021286675680
103919725871213374064793600
2057040678642201739251360
253969194643015600051382400
6505311188767744633674240
6514163950597681425753600
2063519465310579063902400
25487334448466713950240
104438806070246274873692160
2550773180614727935373632320000
25514047324147238858400
4963569489463723399792440000
25528495456195750418400
25546564249385102750400
25568982871874954157408
61392120413382060525847008
8485130137519344434883563520
730472819423643222690329280
84861599187711389597877858508800
25588520788247485680480
25600104095145818138208
104865255772159008428771328
25604448848946966398400
29079698830493927385878586634254068377728
21770493973565073427681398167961600
1680124611903022057269977088
901302416702781455698870306080
410323325068490337705600
378944972241915249125065100928
410416137565329700691328
16060520664907383187725600
25710341753325299045088
193178542207790665471721324718196473600
2083047673454633478525408
5045875091350246904376736438569105403140000
25725599900362121952480
25783060433623022563488
25790340776214028744128
208986808302406917178992086400000
25829681272291444260000
25835513319434878693920
33494086402602539576129280
7235239571279228432833030080
6619609152632537321272320
25873445702417024306400
25882205257801298411040
379085199846781088905358400
25901191924517594295360
54068427562100055600328584786849408
739919621861187252839341728
62271985092147477312818880
741006851362188583565540160
913739693224992627377038515168
2106450454248209534315040
2730064476130574100845453568
6660042095498132773267968
116705761008714021245606638848
106900140470765595183501163200
26072542376487830054880
26073276462766936809120
382034981792018296144226208
43362978716556653996618706545803200
138861081319021276379064975360
31024707295643094893033816928
296147972490226538720766000000
49963425156381063861564644180160
16366753428813529264872000
1304641009866481855125678328320
26229253089687605445600
26230727891220271573440
2456589343878297436800450932961600
26283123651473746975680
1331186424265268866503280800
6733845873951600604738560
421005787558382827801728
421342939970892578642688
26343734700145111500000
2134541705485390090430400
1334620598259026051562391200
1729302540054774766849794048
2138120274147893606390688
2204798227682366057739318048
26402968397885536197600
98278581019641224634290081422368
26431139370469251458880
26435589478633888566048
26442265694480447217120
242175872207756206776835310400
34339979012731123224332160
34399078391519688835497600
10186953414409598933423685058606673049600
14112322645469657270033177568
424904210538640858793088
21520282366317267177159715200
26599148531192466799968
63872735010865540514042400
425714560343508077840640
2155275553065866721737568
119143198349228493055688505600
27353683730087905207595505895968
426424566743951640974208
2159444412056142455283648
26670757100190160322400
26703625970645471042208
26713343039238773243040
175283683618176054968709600
427577977500320851271808
26764214005230976562400
2172554105591771209260000
429297477893468030752128
26833155034353278328480
2816918211648189185812356480
26873682400338377469888
26880441421972761285600
26889455434016461397280
26914255656777357506400
64665233370456529461459648
8180281981725309234062421096960
511359186293078816251673009280
26963907563306193039168
2184584711610750065765280
16589968728534503777146560000
26995539979546420668960
177144654541512035471467968
110627558417498133998604288
432281378133463436949120
771892385619615454096938048
27034742474729781660000
902107879501321886172985218048
396185258270526683213935680
764683527984988506866157631737600
2192462949709246990845600
2194114576239659341195488
2026791703085118563057874214518037920
27098159757134240488608
35119296653892559568565120
2195399819655330208018848
27116299455731343551520
27163959495174138450528
27168501820884829479360
6956032918028744908697088
2204432808502374976540608
2204617027219297011000000
27264022322853455108640
2208672760925341103672160
5304774156270141544998098400
565700358358525570660846080
122204404666968063379435203840
436932266221403319158400
7642668518209302805997743008
437084290250522139590400
17075339404311382779700800
27345336517182212894400
5320290613379108244214262688
16632558110854315943830680443328
2874757068229503820665421440
438204407914840983907968
27417683674473008481600
27453529511611161723360
27454292570667956312640
17192150358923340542968800
2228829046875184673031840
2232918133556746146810048
9149032777087645974498889728
70604907640510782440335411200
2246460447383300878471682452800
788545491621305313133873440
27661668560952114702048
2240740192900016527252128
27675484092343365558720
5385861622821777955142040000
27694680914814931588320
2243352107112509407809600
187646851650028871627991237600
2247295024823914967061600
444077304368628704787840
444964228401727414899840
27848615246585753025120
182864371030708297861925568
278721850902021840563913600
5422901139099642479653155168
37279065527932838778526232448
446847169209649011000960
36202301045160042125900160
2263014318682243462860000
409229337387469364656390368
2264162646207235277649600
1074552291959125311595388160
2267714785335944089860000
8760540456889989480174679778400
28007837567678338340160
256391943687409546232517708000
1147750195183102072184417894400
12806705356948719840400283520
28053565588948922462880
2272631975518550917370400
802291372359333736928843808
5925352126094878174070851825417411200
5434120961791065468194120390393568
28133530039596375746400
28138970713405571469120
28177077528601927139808
450867477168879318240000
206125293344412489201158484480
2284318699965986715551520
190821117648330591754178212128
28215223034924815850400
2962082511745353298176900480
5487656603942441661468912288
2288294436211832355547968
96596806327402396314433168320
7236191083950246559142400
17669784900655201364652000
283381350238572309300009600
28356463720434551953728
116264801013017412220784640
7268140002623447133685248
2727704696956835943721987182240
28420625449901412332640
416249195800353253992693600
2303128060158606822314208
17772388181392404075835200
28451179573204172742720
204045042611140768798893446374368
28471562670820510171680
28496664592888757460000
187046715163245587225402400
36952105572508434120933120
23101891701577789156909459200
2310942930660485442584640
28539847297714626789600
17845949343245035011823200
37016072789994848033078400
28641322909512705160608
2321266012992528978182688
121192744804132565963598038532000
325311121800404515607290938240
69031885759518996654465888
7361587503963008716205568
596549384431855411960862208
28773092187858962737248
28786531277862583138080
37334934026256493055594880
28808676511546086306528
18006213962247904018852800
28836376018575201046368
461518203726168560694528
189468024559936315025103648
9583288594463176511054542848
3032993192799441619010102400
