174327787774769049422309965089600
412519879873078885965149568
61908015978979691086501256160
1835463815109289633834157430720
318537767169734225825760
1089025627772739433025585769888
25806351743446479298613568
318619325119379947502400
318940911897145070126880
16652798840592163444318920434400
319147431624021013860000
25855352270076203591685408
319267547328986551260000
319531921224843964509600
5112722307663761890746240
319589624614728995562720
319656955113627275371968
6629383236961061958680732160
51195363842567380204102540800
667335784396689599693422174848
320398292971241261282400
415567750508168252912932608
200451971238465665978164800
82133799240013313571494400
4702138986451604935336693440
16270826949919113725663560800
771736657318229698243152480
321551363336298342982848
26057923834340672580892608
321986379577320501091488
322131483029631097263168
322281474780670604760000
322286314096171803190848
5161828874680910319840000
323017676407422875511360
5089515240745284695571628575648
52688915137242838256880600489120
202053947440846452273722400
419035750462231947088956288
323395953408230758941600
323410509155475984841920
323454179345354847709920
26206208959939762576500000
777844209680245994894620320
324187527866040229836480
324211832239250731894560
324231276721733004507360
324250722078833796420768
202722338826748420828795200
16421707508082753457383163200
26284134224039834112043968
9268905861391653763162500000
324717673103003817305760
58481325310401010972152545833198662048
10842343839202929419650208770560
42380021710978401745068911808
26344468127809651074135840
325394672833013719699008
76284450055349060098355907840
63694359521108446192230047763156000
325823823868276120916928
325911657029764646295840
326048321687462113740000
5217847192488506069894400
326131317624986922861120
326209445921931827661120
5223161273952402705445248
5224099474224710993760000
26451324996102835529789088
63589330085827964730242605920
327020855577138768130848
4792172617642354220778274080
2995208076146617015523920382400
327476101551906595986720
5242850836240362835292928
327725954276063846338080
205041975262562940157656000
4809549232846973596726380768
26610694973862448559201568
205348052180783754664836000
328594199480987722869600
5260473584873935197047040
24623253975673552468726889834688
329434649989618228211808
494379386740694491462377050400
427090249257601005898174080
3295652854386992339614060800
427176351126094941967736448
1350706112798136783930869760
26712244790168288305727808
7920244727665260709948019145600
9416834201476986289029765765476928
4832518278087292422453938400
5282791131684574623561600
428009340534799094446078080
330360513559293751213728
428248930477374563473284480
1262347249371162464297542594918665600
129111562722816788382049020000
