457653380157538721078208
37074173215540044416067360
286086875301599644391464800
37086413594117028129682848
457999712770112738013888
17598380202187388558864743680
38262342845126754878701076640
458554253763895764720960
1101328304132530178447231328
594867318021186682635618048
459058818785610206191680
37213756913060731442118240
37226031837599018424070368
7357492748184169311840000
152571039608261236071877447680
7360323508144454512387968
7362801093104745340617600
6741106928543107360096579008
7377325225415440315413120
68187524899516970051354996810688000
22976668942989660869239383206400
461549879540840233556448
617077977530921930360445177600
288633428463695758424366400
461847711905207876439360
598627884447994994421712128
1892443908563053741884395520
73944603808178640736846732800
37434999309513746088863520
56188509094950147423484894764000
75385248724008862415332429600320
216021087034880859730990395230400
1895766933923869760408678400
462919832156305927309920
11115817005466511253752720083200
7408977968139405805300608
37510737488784065436211008
463110344269000360933440
37566157254403144301333280
23495526486839666617334964000
90279811026311621650181291808
601689835354670823778063488
3047245985213456575576986720
118915381522611330633976320
3048378348960178806710477088
464744808627091149025728
465560473011828665465280
4657712543942154610581782400
3963866852144061889325851271040
466485764335456829700960
466722093868266219585888
1120636999176426863452994400
37811044628431549205205600
4698204496517588333378827637350241088
37855917672001734851834400
467540359020935824468320
109562317316383395736000122240
9700594276277277334571097600
330919929781617341061688178400
9633240884397775793510782429245936000
37919844312044830486430400
5673770868000746499849309189600
468257223223768952466528
468564702960328648145760
24467701695314102698823491946400
292994728918651318981596000
607837881013622319439537920
37994412256946754595687008
293275255329693743657390400
469257086015628695162400
469359726505558765570848
470008033272233787092160
470162185070265158998848
609433569920334650003124480
38136585264066549169142688
470849906596013026261920
7534138709576843874972288
7534190159094279997142400
8942409760872449492201636005248
3092979634169685889341394080
471441821549931394140000
471622080300721139607840
471667153064182867442400
471699349873145164562400
471795950190230653917600
471860358644015726750400
91802357963473194361727484480
382759272401928467202739296000
