21763777663645380998208
1764666805769411135993568
348874794986178894203520
11039348909792275502248732320000
143151869270645134258500000
11598399016399693497464589600
349244718800934851193600
21828598041040950314400
3196010129489947186296942268800
6835914731568518131511988885600
52454553424434514044837600
40959080802610820490767813280
4252898760495159906560721600
624723633602960726476444608
89595780706903202587054080
350232620572760997738240
20218282866523973884076625600
36783039800111895115151040000
454361697608365377422853120
69153518977727871015075134314080
1775900962948797527970240
4265460726717779780692441248
20109484409876803530542259312768
1778269199156426331482688
17489175310420332848143667693568
351547916042232455420160
351718401086007930374400
5628796652879167108543488
13742572992574292935941600
21988375197001338124320
56356608922793096740522291200
22024574966973636259488
22025221797369102866400
22030396953451802955360
17853103607823037381300588800
1785335698094755932766368
1785632776388499179621088
353250374263928309866368
2123078622287008613123122158240
221029125130775346817238400
353665278759966324597888
22113972330580919194560
861707653870113333602571018528
28684871360079041336358528
6518584593991105678320521193888
22134740964452976681408
354158452435139534429568
1793685449555823495450528
1794299265927719609950368
39921382607403358449966102771840
1797142411238539592047680
53324337371849068462610400
1810488713777172189862883947200
2135593841198408840604401766720
1802046858049624230015840
53422636975020883096245600
22253792772104073201120
3562351556236340319397747200
5712610938211360529625600
357081297267953786613120
22317744396072858110400
7201434260705127063269701966080
1809678289017350962929600
146596333852659236241503808
1812362959993876974204480
358085772334493976705408
22385762073756302741568
22386416843587677381600
5642556161397868592209135330560
359423115314048548380288
26652609732998432265777747360
29129298937997680191081600
29149731800317902252901248
1474444967060129658526310400
22504509600638446500000
22505824361175479184960
54038964684673499261640000
5767615135262641890475008
47036106223637471168897918208
22559120593411911088320
20852367958791017304541865280
22601298094854583016640
1831203767399863591975968
22610532301458219806688
38739881327308576522464047470061568
162265786719522011426805176270880
2375639535800008379286000000
54337685174638709429641440
148536309786853983016303008
4404055317470765774194698720
22649478979710543525600
1836820282748326569667008
18369264966538909983461193600
148887057663104933368673568
363092342773011365318400
1556382751540762646948797022400
22731496991384144071968
471742131767159935111592448
22753361843503927428960
22786520457563621828160
228233357290415433965212800
14266640238470668625256000
180147190775834626072401145477651968
4739086311007627521249543936000
22886879494043515890240
22890874105982249867808
5865285483008043428041728
1856840816619301832127648
22924182877500368764608
22933515844116472227360
1916127997233287039828221728
1858623102829914975000000
655376292797377081523991840
1858929281005886111610720
6361437800100115615946458288608
5881633838302024433046528
367686245943808263330048
367814473407840970431360
82880800479375799976351147944800
1165895485288509336529255200
10529659585776978496541078400
141678731011495565219100060364800
23067155333681861830560
40747554561789369599463661089600
23085241308900225000000
29934179068501387916627328
5913188814533229282974208
1321182130288432184293716088024608
5413198565938783976003628288
79330513101816825259450271506560
23137549426468969446240
23138891828030853537600
14462814242063280998018400
370262543818042413753600
371079483377086980362880
23218196967518930984160
1883200770375763310442720
183492348853982107545835665120
23271404892815448166560
1885020197803259521324320
24417733421660757455121481728
14561656460524803430749600
767320305564482009902726454505600
342343481071867212138944917805568
18909798429001820954225385600
23363893609239487521888
198664548971077839881290359168
153310222133633182373810208
373927781231278357910400
95780056260401001484646400
56180240558191116874473120
23425479912834069909600
374880847572657066933888
27822178514901515820801818400
23487866676699621985440
30449439959961536452759680
1903103746204520966420160
23496013257883400330208
14688658090510615852874400
1904423969154659654433600
44076699703082606094756115488
23518427283334109250720
1906882879438767233154528
23542897232810783535840
30532824071203208948640000
377222470522262126382720
30555314180872745928819840
186041307065182780836631593888
966254432128018311230436556800
1912028586273099200301408
14754556150448631266536800
1913684773002120816032448
23627328797331151808160
56739974870395429784270400
1914660586190203454921760
378400116374851037502720
23669629639263756929088
1198742823934535277611085600
23687385595439516666400
23700367418009236831008
23701050819607178690400
28109317666455146303537132448
637023445463433783152156774400
14816403221907062308898400
14543440273596443072677016870253600
250300089618091992745678859040
3796267512234448816134796800
23733187369491424027680
118872917438944214794532996506368
14869875540790893480158400
14872017439608977906308800
380725291522760987099520
380813036303686912606848
1928287139296369623422400
14893449156743567923312800
23849698905101143152960
916947876465185968130609280
6113370659326151387970048
197148286832169862928749869689608800
1935127626864339101721408
382389535844073051861888
23914994842938985225440
23920499562188111733600
23922564076886115690720
382967525149745677809408
31023641286888950597385600
11256527889393985623353583872752128
23961126220115168385888
496969247160871716019074048
383711616751999976350848
57592845559551530707166688
23997665457333280679520
1944164800585053529797600
6719098418590145174842931808
497923793929018096839360000
24015605637246009554880
1216179096223603521602844000
24032174729488129638720
1947202863293502643828320
15026756924223131637662400
24052898149736809062240
385214116216361508082560
57836380914806130795600288
22264143787114919613154590240
2013573761575139792724991680
1954074895177543933354848
1222250721307312636234497600
2536746830075335856594773248
24169197094611452690400
24191397002216252099040
163683875772747905391643226400
1959990380782602241122720
15150181643254585901889600
358291471810539519737894175360
387965322685171929379968
1893350274458668294902093753600
31454182654065969945840000
1977224872230961602503269173600
1968757148228076184886208
11984737511148092298077449140000
1969603462387273110618528
434134231121461397439608404800
1970280710146493754242400
24347922206366660965440
24361174579012271608608
58525406002544035183137600
15235154377927400191176000
58548870144148327398567840
936970635774956463888318720
692676850917144358572929004768
24397471894811946883680
390736831124072685499008
24421226675807650589760
15272267321943422714632800
15300693527490512056188000
555121163398039683138971006400
24492595107816676040928
1984032593321871621675168
6272503054320154207495680
58890134203735006520040000
508656573500048086698224640
58925256819867102165748128
24553591694041788146208
58996030852825342838654400
15359771568474081668251200
15370834783870278027400800
6296932739300911725954048
29110227788194641099286081911712608
393787427388622398518400
31909842733835900494948608
1996164806648819407413408
24644244526373715093600
59185314719418174228060000
24666066673065844105248
1617183163512034213005926400
37041031519063361255528277600
1999910428007894802370368
24694245692265948079008
59374569706956094035318720
24733736872935411716640
1252519362684136708101547200
15478617304890039641829600
24770449649040288001248
2007131294043182339978400
391349887979941583945369409600
2012631451387612468313760
37302260743553754942667665600
2015213537839014358765920
163245730285523922096060000
2613269154440547922801154688
1260580405839657008749156800
1633496789689818287213690880
15584924488222676324289600
93570918510224795417855497728
1243120769082397576194350059008
32385331428609997831609728
24988740913475423678880
399845453807614943703168
2024529625535488041279168
60065310977247775513860000
400528552409755152622848
25072040204128446486048
2031971062356274455089568
25087013374783562193600
85844363206375914324729050400
251512958087852139053577600
25159835623297575227040
402674596828609892069760
60448979787621646849061280
25191298039175317283808
15745276676912870720318400
