224462935436137590991680
224485073048334130306848
224551495709933608681920
2247008159730887480668252800
18201728167103292844963680
29296240918748138342952321600
224839497591291201933600
4268841360131402560329982899840
19154769777331329648998174968972800
57686330718259336406573568
292132771389295757897846400
3607061065536852368115840
225531091862439214399680
225534794510852805844320
3609430621944496588533120
422941954929513465466301430240
3305279185404082141715533920
225953487522471380432928
226098127419580605266400
2388839636373258811827392013600
543722253912906216595976928
524182767385608406642858125120
58005031758923696913320448
18361871442169479188485920
226721985595480801753440
226770314091168958883808
929965407658231435166346717600
114850781978804206788193820640000
226893028818714559261248
18381850402978319004614880
294268330179392054914568448
34487736340033109855581296117408
707093433910323410973647885568
7989746210910941320313676360000
18417934081236595636444608
3638433313796486483438208
11517584735025964988311197600
3641265626127869724563328
6505021329595581934411478208
227902661887041907365600
228007169934282910284960
304719206767475211907335254400
228107979587441163540000
4732412491410417690318793728
145823341092850494244561548371840640
23973697416705503550412694400
3344239333906804742765590080
3654913656442565442578688
161609932916665352878677968448
228504074086268560066368
58516788293446358696967168
142888441695936766906692000
228634973217383131115808
18519634833536925337500000
4742122280340430827638945280
228709797966581452488288
462214053197373939703604744747520
71606701292692172176989105680448
3661587328298700192868608
228949360586700253500000
3663534288023215743253248
297107210499730436249383680
3670489768487257303133568
143426914127146591837473600
229575355558989867580320
297580320250988733725880960
229695453093472495993248
4766374506424209126467816448
18629871053473197545702688
942162299787172480730646528
230033480041220594877888
230153757262815100244928
298347079732345932470259840
18670993274905251597586368
230526163617643603197600
230544984000417199560000
18679225881605223607560000
36925592117022930853788633600
3694067801590113383030400
3696449933008325626455168
144426391620408781005410400
18746917536352346749058400
231472370841766513655328
3706594402720030271049600
163923107761310490563421823680
3710706428107954924094208
18787314452643893414333088
232235973238723005552960
3402414244135530077572966848
2077189510667964978142539941172338880
723441227011760086479199630080
301326651101556780660207360
3726248029991145537846528
3020293595703792502682742873600
233096333662295775540000
6662936110896417917940543168
165244826401658020023469864128
233654757170953309547040
3031168125792713708057247014400
233974306456703763987168
107036386523573829610738095360
562563857704882179624125760
2653912744951321173925910379648
6698257883450521351466057568
3752533648378467156161280
234583878381509049616608
7422962943547391749163110980000
91666329689644440317057820000
19009738739368422387381600
3755707009149371645255040
3756683832641697602502528
3761326346639275704845568
