39552876354516846860911680
488719196417333826305760
488778716273931367078080
633666523595385806934565248
32044942947297493600505241600
305757946339345811993104800
7164205409889780335287010400
39642886063984937923965888
125297805208326786929134080
489625809533902701662400
10153493010808249763569125888
489957004211823934226400
306315896196395483433134400
306503154080332219679119200
63945400027271838077586855648
490911783691533673276128
24855275603328270991316028000
491051138865642625740000
491104234354345537991520
307083701205081353170730400
1528890309584433316790916087168
95623469360439298479872239968
163354244821695744446579650560
307788928193847349112556000
7884170379056993707896960
493617908316987151658688
225886768092950136582022524288
494311190618992806446400
179288290312275182182285490294400
640898909105849850214459008
494985173130106252648608
567783401172531227583979351953408
495432650531019889321920
10273401117675691896630689280
5238808205998549877822227871520
96549206211266417678022464448
7945726170046633874505600
496997862609443112796320
19099368884998177470501206400
497346190564847866495968
40287031483965485861299680
127398474179776491280089600
10322636050025868282503040000
96822774684717867086759565408
306058445793163493557344322560
558550898995014007067754450299808
40347129456704484598500000
590819238333654682609085542560
14148606051390413313830391019488
41614187982400853012579738400
7972316954962772880555648
127590784177345875925870080
1039516741911891107699753769600
646299880786984750908053760
40397866738399724517165600
499009966585540927751520
15791574651330523988612856600000
3274734078417687682804983360
839652166919379065679634521600
6924058134663670760468759023008
5282776259734574854835761386528
40536732221019282230337600
648613161913747408395177600
40551274750124593125000000
3285055791887776738536271680
65252772483483268440882417600
40569276546631102737807648
58601785568979657337502010716160
313166190765871514302996800
8020898486568311818652928
2625540434623381953616333184190240
8023055615163117558115968
128431248502010119263513600
502262282701966717260000
502431053628805729140000
314029536172761162031636800
502667404377410804378400
502951135335462107012160
10439175440752344458376887808
8058927549597542535717120
503823345766489984517568
