99736766019677327687546400
415460504396890411164739200
3366814382740564446097728
10645340480372093277132288
41593389721285212164640
19019793479708887016080844928
416294029650594176745552000
10664623155506023904640000
41688294018984370949568
1838662606806789098526479830170725342400
1604066780994053154646560000
26116168801818608032212000
16322638177032340601061060000
598903223825101704139746040345728
41795909012566888482240
668747094087286197371520
866778464265716707483949568
9798544891789209068383398528
41829385177208462267328
100526426595785344504442400
3392476848337029520507488
41912115561444659015520
26224166228103883558648800
41971883274682135790400
419824278918532568411856000
42007564614149039646048
42014913595451185666368
42089507764849834013760
673436329536662955131520
673983185501905465092480
10799797148735346163238400
675726930810648102089088
42234777717492335570400
54759612128932035729417600
512099925472565791247895122400
42298055719059046740000
101622072849659424578120640
677626141535137750082688
10847325727293683089709568
3433384984021901305439328
42424825008783517053600
10864647680726048938560000
42441749084907427382688
10873384178059928547491328
63800485851740504637632954400
120177092360952105967670390208
42544459722597301905120
42573082419212516690400
56906134903415713878791988480
1576361627534102563210994765568
3450853862908809445202400
26629655447959795628949600
6823793667794511888737664000
682846244868350454777600
26247721013827734511748797440
1659885110353199434113360531417600
42716412598976248017600
42727044026765378781600
42732360484783270862400
55389293339419304496328320
683934715179033519640320
683994278402615023670400
26729264473844817971937600
26775977368570621457868000
3470776529866306024684608
10975563327170161604551680
428946976073291398454256000
103013159192091573046860000
3476706742580113161770400
2037585701137152774673077220320
42956100101947319733600
3481923538307423083357728
42989202600630703981248
3482154250308002197434528
3483481066816248684360000
43045841506572910621728
688771955623726905840000
26919291200018762686564800
43072577389041582748128
2824309752897105618784665600
43097185398746431798560
23262583238144989475516799128163648
43153930955344811517600
43228963775751170040000
43265443572393573189408
2835551816775353009983315968
2193767175265641088240514400
43334174053357924956960
693505832395733331413760
11098328942188035480450048
3621061309010094871652958240
634871941692801339810204768
3515235250506458517894240
3517094496590437217083488
694822247674617121833600
10173201954400515481916446080
3519419591234924177901408
43454649398281807226400
695511315079433474582400
104527172449556429558219808
637994257713317030619339840
90975356212436109223202556288
14476911569117238081733447680
56552156492179715368656768
43656359834797251054240
43683379589785072383840
1248272886960479684759201760
10238545280704616060176569600
11202226103108163727600128
3545656418514550504159008
43774257844394099767968
43804582082578679757408
701042321810822186160000
43876122980285169000000
27447938562526534832052000
20085043207953344859398234880
11257680328752248317731840
8530391133415096264123348249728
27502383116813099974754400
44029253900597025554208
27526168578244810274407200
704924904238142451776640
3574186078298690024928288
3482192724059263427072072467612800
44159893513129893917088
3577863685758500721780288
27614513388192135472082400
44190417873448351953888
3580542768536424055965600
1262791055930848763036678688
707853955671909019854720
3585021075061701464674080
4792585813517523957049201253760
3586878446138954470389600
44303932632245807933280
44309395576619947371360
44313766295858257030560
3589828136064962076045600
3590624864163658617743040
44348743691374130325408
13881374296556810823824895977280
44389212112184001150528
44390306237524095253440
5400171099540832892796262144800
44449419048405889143648
44468040849825795295680
44478997583515576767840
44593067681132412768480
713528607460965110938368
57805541061086944157217408
1651149770876377338369264134400
57843736855566857357385600
326710220349018426566553822720
6027259373612704728518184555994368
715427718192492055597440
183380034111080524029216511200
27953374769871303739192800
1718282366749186314196686720
44743667810250883803168
17485959195120320391471300000
44765685096618470952288
44766786174191899742400
380846546318489357278520121600
928873097555272422854146560
716907423235061142086400
344214327659746403762644896000000
717480543552185748537600
28080817059035299263228000
44950951257342022733280
3644547211158344546616288
720085947986038194000000
509737871058730970131449206400
45052649888846219833248
45064821047339602874400
10320521026564043206652414707488
3652641306890206584494400
30316859960131054606914910538400
3133675437961088948415242785041467348928
7223433461756327438813299200
45153412765393321754400
722494500716164442144640
296342034828876047339929440
15470104426049064658405322243224800
45268777199103526788768
297063492561414042806045088
724482547310592740512128
45280992120671254785600
45300985506047424185760
11599718745556589868856320
45325430856472134801600
45353221671350500485600
725691575547211754906880
5388451255902105682840409459590368
726332261608361056691328
1437087179531162208356320860000
141350422410471594232076532480
3732421340946579931352090345890732800
12728907647013880337001661920
3685303045291680851290848
45500169111876590163360
45554808559858717767648
12779187540932201224913165088
669494299411355526078986400
3705083488213196653317600
45796254986062931169120
45815298368563937500608
243217504719407432975390023680
28163759360064447558166737408
11730042961082791515717120
45832106284682213636448
45851160846498885839808
28184229207941777644693071360
45911726514182179965600
45944277274304171334048
45975722014985959006560
117828710624794123017315993600
77319217032895427196060080640
674192717502843759350702880
737505039001548131333760
46096034563188467584608
13999145163394857408157758985728
15304444506606485516751728640
738297697949245962374400
46157969265212061972288
957150145954613455396070400
3027037374706025474170011648
110902206143301971137652640
28395877003734050890917723648
3858686910962772196216740000
15330365230892732387658270720
739379626022589398870400
