56417893003230835523040
56425751537768059487040
56427061373336513128128
4571299329687172186296480
73173759661922199745322880
4574448070295543859148128
56489960303244961268160
4577952512757115748325600
56522740981152538817760
35327040992742526306408800
135775890912486950676085920
158317714541297272642778519337600
56592283199664686949600
4586598321383219978678688
4588477922156778391986720
1174735477461673364903815680
56688172802880864450240
3720250612405239060580574688000
1076266564988469344151258326400
372367270118303318271768480
56760498845063471697120
9937691475107137298957762661600
11051515614370379242469296320
832041324765297675556334400
56844747155424103407840
4631617960199852936467661023200
56902722247557384520608
911239961223719644809600
911746556703896893975680
14594575376102870080719360
29420111926956756589275647948540747520
912844904850677788880640
57055778244469598573280
76249194586639465814381489280
1404202402080673554523784620796928
4625334946030069893615840
57113914661777497695648
4541225496895864509929927265266208
4626905201570024079553440
57187970707813710331680
234249718366598031256473600
74241577905336312556089600
1636504693256421953505646560
57320392745633062090080
57321718126261029193920
4648500967618217016106848
81293019831736552243019484000000
4649145707850644324731968
2968594089172515976414968845125351214400
4796598750693053705655203040
919275267647829450640128
2207194490472208731104244480
919285889274885566649600
74471047769823364869251328
14711251072704171281353728
919700204529820902231168
1918242572128158437935479974400
14722132167244193877857280
57531417145687709791008
74569472636556137622703488
424102510424773123631568825824928
263042952719604111053534785036800
4672401058363240265469120
57697725494268351199008
14790190499873424573331968
924394905651380632646400
57787015054961035679520
924992341665879559559808
57845709325376258801760
7552515551521743172651401120
57953877046515808031520
927374290377087003631488
4695382657040044639269600
58054167538156507842720
58064872867999413976608
58066211138324523009120
929514477637098547154688
36312631851139071026913600
4708062231240126955236768
7575713544027408741536733600
58178708456970844114848
75404672342801186212130688
11668629495818205066232270155360
1207917130645245787227578880
4718485149953293806756768
933290201732109075249408
58349103988304680470240
58425702295072445018400
584459395151311432214064000
383599660049546151581345088
87793994059294177232912426400
1752393905407817930180725754265600
75864292603463825064489600
384394602862016594850850848
58615506333811038147648
4747892402850027533339328
75966715125166774263949440
98501951367636145902840960000
20088099389845098518549067703792800
36673960908029714590120800
61537063686268783385948160000
2364503790787864863313032099790848
58726101279956864250720
939763393582724115976320
58736899403513553808608
58738249273653542601120
4761699198511002761452320
2066845861233340623273037680480
122650470236045389978111494528
58823338008949536741600
58840907501736141994080
4766952938259705821667360
9418498049523780714786777600
2981184668855302179114849600
15084607285982602551303168
141509433883962317902515360
387426658671974659704528960
15117801495684439072754688
59057469884510546348640
59083226318182601891040
4789659508097839185994560
388067265006184320155640000
2996615274267850437847946400
36995363441553168462151200
947812504123912425350400
1692303784402406466659877600
6223194290990986548915513600
4803483846039055131240000
11894149792583106890418085201728
13904224386007786649341657728
593964321186978493112726400
3010620179364808699850702400
37182401453031044614168800
59530556707439829538848
59561923749995250855648
59590574047794037989600
143107861381986889420699968
4832623408058389295478720
59709378262787737051680
59744917422622673862720
15299118115821943967577600
59787311768050195627488
4844914776539613643140000
16747207762030970212970794848
59902300167936709174560
3925894617450150133047705600
116173849378793894874759926245431651840
77678515230352189685763840
42949614787663643841195451826227200
59976308818045998826560
60016082496357733313568
1245438420496209035004741120
60065484234800005655520
144350519851772003813168160
6043502138097697587666054227831328
60220748930670691677600
3049083915400386880901085600
60273029406773856530880
60275781953391873069600
70624232956627726601273770027200
781553086560004991085474854400
966379365639951962880768
60423180695483341971360
247904507546188671491593675200
3063146448495372185162916000
37820878764225964941021600
60558418445163329160000
3066292035876771061185355200
3364911733284126977347888652319868800
4907395107894999087875520
1256556974904999016765401600
2878886778845292680809897919520
4915494857936035543500000
4918483469010391433157600
4925586882098263935153600
4937043286816922380570848
60968270264322192040128
901072430845868969681805912960
2719917288194405469057948125888409600
61055770060073327661408
146649725662968986938885440
2572127433975002330788788633294528
1468510055246473822930829328000
4954941642760680880959840
61179541347906130839360
72577462744519768170255260448
5117158285247522947107525600
61279808546915478225600
79419685334856008694473088
251438654381237359209105408
17183147659513358694758430528
4974923420993965592675808
4976619565369514634700128
4884700224930202307854465336781280
61469538352654081032768
61507257652591484553120
61538004729593860305600
61673708872170719556960
4995986281450632283158720
986930568755451789417600
4998330720857295774167328
15809403977669398554812928
1401316995193272712945992127680
28274705423322751493869641600
