38913783796921885495823214720
231791574398336835658977600
481212450701314830846593280
481557778002402764542086528
87068150171766741101333223168
1664770227381557526414039470208
232464396752484932222961600
232481236056053687746111200
30130121079694710974341728
372102558004016238951840
48798018153499461024431200325568
30158939923055331021931968
5957587508772543345413760
30167968254124640310247968
30169278986772047344754400
372636471279638792519328
2445308487474642471149991648
5460871603026904167357823008
95503247344827876576422400
1161656687098713447411428494080
198664442508940888329092875680
373911551550783697344480
30304513378039981585583520
3545457924784506204221602107402240
5986935494365236354927360
233932842093184854897076800
95846579840290425658076160
30334919578039973447460000
702216487608298903371476143680
374859166762984334671680
3958930268446957243534243876320
10711700322287727392086766400
375070594776557604184128
486104960157576984675360000
375124821491079093670368
1538523873148343984076134400
30429793280618071331312160
6013002477001726972698240
30461467245944987735049888
1542438056641764093162885120
6025523934118223206420608
2470905839440751190769694880
10766160067770687862717662240
377511175071333003441600
10146994176395323429388131258368
96692563626331996498406400
14510731802090862677221545600
147555739886343366595795380000
6047788944744009132504960
378039988024610611060320
6233065831071703457035480286213992800
19165110522094854493502241600
10812703270626364495189034688
236924752009391522282606400
910500505935290480414043840
2488613499690686410514205888
6071559563028599256659328
3796136193043288122457852800
6078914630406006160082688
379958171341413207929280
97274373028839151052264448
6080360160646699825847040
50256762568077619028827952649691488
380160797440357585581600
30858000466647346248817728
19289805557519902013519133600
238157636130927625111022400
714316869765681066227427086400
269778555921811728764500221408
6103875195863702277947520
893842028407724142085004584934400
30930052627759199712890400
14674884042837299799172287360
1188725072379117457116405110400
60214835812962534809046013045411200
382274016537526145762400
28623869900635028015228902544160
30997028654102236985759808
382851874905701230497600
2032780695357239774474502094848
496712076406798884037211520
26284087347273419969990409597600
383783327207631353402688
383810910828304398007968
720042165666667054422732346848
498170697989173380667802880
