86303704890701608909920
69932245770637280471293459200
5658180360787358013289881600
86346948296699565175008
1381616051191202631138048
3934148327145028411055637654221568
7966030803652043568701603781888
111933479948544716076201600
1382192848842826661493888
1382423618464451477961600
2469114130590938627824341600
354109583023858467964612608
296586838449369369680755909118208
295983266505876867157927304640
1386813734190165033134208
866791115604517409416944000
7029446621230745302836960
1390750588062759476074368
22253922034142165368555008
1390880994702344589446400
86946817599256325897760
87008425943404345375680
54380945902464636304161600
571023499054439465746826400
870454973159356940270073600
87086389259410768500000
54431713902544349944084800
87126297722064418136640
54471627975645180835368000
54562423413150548432174400
7075667256456344234749920
54602182088952891866827200
1398198415498078915440768
87404222466716342460000
1399231558032409932230400
923211761966875460075941260000
34168908678756065405579340000
87537061138634173452960
87586231588366477140000
22432627341816677971991040
603150568684978284354835184025600
87708336628000326227520
87726572204543146947360
80605850738319540784982228974077600
359459247384838012012320768
1404478841430807537360000
1286393892943248423941421408
87912737551636975019328
577148424076820194457852448
88077247012623034683168
360896004547790628646041600
211713240074638601068862400
7144881236355090915001440
7146611884313860616678880
7148441768284598425491168
4468654103900631252369199200
4472829459100645716211538400
88366610831993189741760
81702419571197831505395849280
1415722360689734530788480
4482583333083047905557163200
1417029671626195163086080
1417955618638620971769600
7181390177712855010127808
88687940292458550288960
88748631918206290430400
88838807245469428115808
88914312860967106500000
1231156997240207207043389194560
88949319583594405668768
14246557566268181680064448000
1425615697413295170806400
4513504223572035894991166400
55735812461025977826506400
7223520814182275744969568
588650630802287278176701207071200
10449767809841102277247641267612000
214278001191557761545574368
89309196862528760042688
89364659368904454790368
7469150963742197524297334208
7250427560826603098805600
516198844606027780755201597408
7253127363932189443712448
89603442560860428720960
89620119691297879682880
1436287989240700007887488
89809289914095457802208
2565601833569378827014992928
215740990167375270479289408
134877370586314565722769457600
89928137759278864673760
569150288066674157272981445346048
590645859521623766759253600
7296878895231705964712640
1774182210396322988373044864012640000
90246262991733284095968
47984842010750969661272460000
7315481524879909731762720
90382327596411948844320
1446766354030196068982400
1875978110884771634449559040
56553556392601771024687200
56594631702260441504565600
1450231978656112871082240
90647441880371460393408
56717290410049242820524000
232457297923407978984367411200
56769919416915738296577600
90885044822439185844288
48306490081351731479593455840
136543259584903296250419940800
7372262115223624391094720
1457286941779527529553280
91108104251669488821600
5974492617435762883523174400
7384975463395151055413280
699971646798445859134698862153728
91205704399926786629280
91275198392581317288768
91378573656470814577248
91406782143529087910688
57139113593310804944647200
1463313655795061380023168
1464036308618311813883520
4633044095290968006447470400
91517798895375106887360
57209684778398587578242400
1465000262035783438051968
118726455151045145399770368
6006038507779395078765158400
1466432008004556649650048
7430696398667445419587680
57351259022711148215767200
118983433877957794446000000
191554215544123837112485387008
57421790597650113229428000
91898656094631580740000
1470914867665060702805760
1471383367236474180419328
25746341457634941329585506848
1472350946181752171969280
7454095652984433689028960
6033750269537030685256531968
85063181044077087735268140000
92199274827371698000608
92212526541551127158208
4676072101734356877627021600
923857819910788598356012800
92419059024705466500000
378723752363703380271482880
222082948896683304565759008
924995867990712688996003200
14757923322193701640664364390881280
92557572793275723896160
92563268468655939802848
1481581958337582981384960
92603145556995771529440
1481703507674254103318400
379344785304697313533562880
92654435029905541806048
57937052047798540181056800
1483405983801133600487040
608299213044635191181340000
7513117940222824694925600
49335874157726312535395640000
1486327927061895152796288
9752552517405908112618624768
120494161007706182074092288
