61884002378922038554560
328599106541359266749299384320
61928934505419422121408
15861134433227386946649600
907883571076458057497383968
254008784035849395121121280
5026300524334642679305920
5038274530834921392302880
104514855753987636221105487360
62225818587676184733600
5042080272793403656061280
622821495428598485158790400
97351523996329023644595426789321600
5050994134204479632131008
62366894168714130309600
998079292320277074668928
62436108705241455759168
62485582920004688087328
3163466257527050202815474400
2967038528868828818104764513120
6563862291270504636764726400
16025875993125412270617600
150400218958475761476801600
16040289340837250323481088
5077462219139732805343008
62699365958573171973600
50820923614800161580512515200
94175667284323961242403296800
62774532292119588887520
62775951174122422483008
20829662647004896229943871488
262536372293158901228423820108220800
129237524317257179055924898454688
81451609862979157983020160
81498245353856418975840000
62899486012796066188128
1006420196264966235742080
62966299030224555931680
5102612855798476245242400
1008422481376523204334720
151977277112547063177231840
5131018880236141263483840
146547538678385224131530001600
63405455787343941620448
63484117716713274955968
16267828474523653206566400
63559988438432791307808
1318171726178701850220111360
63582906165267063540000
1017848047660177963057920
63621593882058434784960
39772812829262649622044000
63687546947302544417760
5165471801491719873281568
63854091068815420953888
39952297910083565762028000
2455723141593466139941623168
45236505993235651221763914720
419762372790274476214696128
3239302284055798177283726400
39992765628634898002574400
45183497125250871835947281267520
5190287085405979602484320
4199976101615504519534665728
64090107076858282086240
262876658489145912269180928
51985416780495216678766867200
64188159009011879437728
64232896471438189928160
2604011173879567401430498879251600960
40200080957928691590756000
370926964651477770527210886240
64441015893468112232928
1031119924983601709894400
5220464652077058366137280
52213614560463193709359939200
1031583073203829014000000
1338967731099272240712066048
108490941872909666631394495488
155170060385972603283644640
64659795023070194197440
1228210379552614180467901419648
1849337781189092010333872160
5249007868551578390397888
64858771553141877770208
5254659849424995682833600
1038537397729982227131648
121516661246407519915256079360000
5259609075846892271532768
1854738926637304395143203488
84182511700631264308708608
60001210177945555629337500000
126376633197683062032112907270400
50561807765578585984455271410528
1348527004427846726828305920
65056749563610413109600
65080070855862535253088
40685431938700889589163200
954021452312343065376900768
122242639713385913109921374688
65370653696393647694400
5297234831254604960568288
9576466005198772864932734764800
847724924655981002142548352000
157104496826135038520165280
40913732005840026599143200
40923067001886602325357600
15343478308001856560587374720
87622336178099150944975382400
151771627618052375942758346688
3482816992950248660257236924825600
5480554769607517402261930848
3322554739261987771887948000
600830225944322702753503293600
1050800808140224033503360
87889012873918317271367425920
5328194642507396236812480
431613762721388553746674080
41120206041807898037524800
5330694740311598209519968
1365118963446353580839162880
158115544918581197261566560
2530831570698457122195926400
432569116706648965575824160
16880408117695011085109760
5341459162976353392176160
561004538979914392437468995328
66038707062224713454400
270888893856203568458783745600
5354350192418465695470048
5357576592314963828491680
110192916410154893672263883580288
1059079844073275309720448
66215747018748208190400
18532576268933820942079677600
1060214194153800757779840
66345802376308676496960
1061538753997240929441408
5374049925344224001169600
16986276599659309911260160
41516620041114855318559200
159553625016676333382882880
3364590217832051670930283200
1063634561678054072335488
1899996054208360258805054400
5390281049047205414751648
86261628058706867862487680
1116787407092941908940472844288
35391521090602887993567592128
437107904266929106851734688
66653967495644528847168
5399652619079452739678400
3376847250455168093806677600
5403581093049283242090720
79164597525285141575778967488
160401483958964894455783008
66829268488751172553248
66833729796080449949760
208334326989422134480926038400
1304364362950241971040922159684136953600
1517891444677780536801242202048
868135748468250586116947328000
5426030431436440503712320
10720899646277335529875238400
5429611099846597164022368
15707134364082663444138163968
67067516773443498674208
41943856670726612019396000
67165979543391673560000
17214513367354292673277440
67246620598320643885728
3405126667293822635247837600
6666578575041417907327637469028128
112192396640921876727795053865600
1078871220033349915286400
67465013703309621000000
1400586947239859834496814080
