330927827437556652235968
5302372228427267416545408
5303044318076946755080320
331441505398308612068160
331525528819017984530400
9472860626299556959646727840
5307117757031642936364288
3143478691200219309734759337922560
332178489698978675905440
332223044854839333564768
11679260586586900694545424962080
5319788073295242032986368
332540010794846898357600
9498600484855183813596357600
107355897213023966698322166000000
92219036866594277620633537500000
5329027910708250600905088
26989823751103308782253888
71429047854688518484011385744320
752709184501671709778154476777088
5336611171115688954921600
333631311318565434266400
208589730988980629147748000
27097158826599651854906688
27115437578629780504440000
334899586341226010613600
85809068989215941202408960
9583507761194290619060933568
5372931890332389953243520
214775520739887234215180286417600
105206931229658990779450032376158720
336181463757533251318560
13787122701612225702185798061600000
47465690178299370550938687273120
5381881056799138638273408
336441278911553652767328
336451274808625151343168
808330497986419190161898400
336756256682209790706720
436591152760095561628033920
27291303439119385365585600
105444964783062603949014499976640
4048569075548443230162248633183520
65610930689615329356063791520
2467154912392580799610811985408
27337533556082803802195040
28197939414871653489582357600
211037761726116205317760800
1383261586621142475015874560
811107431352379662497549280
338123716742941534274400
338209007448841069894080
12358326435503190639180299096261088
27465580053417485170825920
212056930583730705731863200
339414834263817478722240
29945682466264165004402132975601600
402649551245411104111371512640
339832598779534436349600
339973618342489828775520
5440001030347347002719488
27544935990925682539011648
646302879127722319669891874282440320
27575555610354782563482048
453152694441641387767520611623840
340825704244951432253760
9738148696042310453991882528
4721079595298074383401396056128
340977129334610374565280
27654058163974000579853760
800313249620831811547742552908800
27688592247717458307837600
2242871840297207829539906208
443075927495454637218027648
95728407023123334204268327488
342276406134193292837088
5477495883073695055921920
3423445053952086365153529600
444029448516054658213743360
3433710203712930437698147200
343386499084809595876320
879330772209949148930913024000
343528623216178788499488
1407393477464497277018001408
5497981124585696427507840
