305372653008985546538400
24751501961455513133330400
120904145597156888176700151755808
119517796362943868635019820000
306135571102619055610848
24813832021032665495839968
24832956712337982467053920
306629436682810558785600
78539362707944978698357248
9201967528641830106466564980480
705485791248919625137221989005779721728
24875019538433814058182720
307147238039778224534208
307179914146884132987360
59743856131518435538045618080
307553540565066974972640
24929377155244145853416160
307885419393487221826848
4926671763685306930030848
15588719590875599657383408800
201246337615966902230855244121137600
192569882392279636899127200
308226926898943766915040
308278411553576399601120
3089086845782267092909372800
309210930033527166079680
309248462392965786350400
309295382647002089940000
309802461674438656516320
169769803099550928791628760683840
25123060117558693424024640
4969573985756893254529920
72783493670025533570560070400
8874400426679387606462370720
310813780399927207049760
25178077969371718636478688
310931536085484869000160
6449312195068336978990053888
40587544881150717944688068160
403710089086138063989513600
194964239562519643055112000
312025905541600425621600
25281113218914950042925600
5922535652193999224054948767488
25284557416678767971195040
405104810848938264358621440
189996483428142724191437377777728
22409371876488027324746250459648
5007640984210774199760000
5009459136400089368088960
313355278948337670477888
50164541642863025833863859200
313653905516130619412448
313701326180103363475008
313734523844096824703808
96199453693565404474648118482851574408495200
5023414756482841423444608
3555423698792930530137442577280
314223308446542413244768
25471067305173524093217600
25474530893373101337029280
50338264492050990025119782400
25486207070019353554736160
25487362074795923808787680
5035269518297509261443840
2065876573644610685171640000
33056257877072931051932734080
2066996589217531604912518560
25541691596739829177869600
1292306924841731030701209600
197336771872830942397452000
316126918756481432643168
1081288978717823187160978715040
173342737152743284783472265350208
410055533145760007588243328
197918198481501404086017600
2061171779768808406252229773982208
5069774644604290806184320
12179190749773606368275426688
317091522188241637096128
317134550872470047589600
317507649600336480592320
9073604432029803778637397600
3354314877988511773442264455968
