19901851617625034773460323864320
14893963802419497431410368
12050753255959034277193605120
183884568115306110251808
183995787495874002562368
2944937108268768862790400
14910954593518345992109920
51537186664020215389745400480
14921860377027224396321568
2948372178728923586640000
47236200321739614470638080
9344891382811809964633418400
184759794384212862854208
51178787647944838206679795442400
2958771991830750268005120
21962065014302903500885802744134080
185085216758918168049888
239882508878279455439094528
2964288900633365748363648
115811206426249476480007200
2965311396453027113503488
15024166641851122851590880
1857935340767358516376339200
116171093216331647823621600
2974551392166160974000000
13330303447622268583385700277248
1164814466478894520657814160000
2982528910254718675116288
1224270272792206607920839648
4483811868369596238409114742400
186754134028526575769280
1225790679632859171414360000
186892378136371755540000
15153483342045184231500000
116963381829533195060596800
73968977232434087432785269000000
47918070385863961709913600
2995697256703610921468160
187301128621374862654560
42873309711037068743804527632960
47970841798318459162203648
66023004241034566905130437660000
187455791452260703260000
117205000131917914196587200
187946189049365661051360
2436065484493836071894186534400
36575506107873404261748512928
3009529538693858431886208
3009555389872063411766400
188114177330492788602528
188233776006384234213408
15331944429199290333763103073600
188269343364395417849760
188528166711042712440480
3016981563661482967904640
188579963387082346553760
188741896792857301354560
188796977900520322718400
139971915265503020459050393502400
3024032286389906465751168
189179637927008230746720
1179648657881945581573245921733401600
118317616440531128802856800
15353891180297649181677600
15356348450547812211224160
189634395490933542108960
189728697683065813642560
3036921293203854970454400
15374436007452000545118528
189878352605902309760160
15389462568633807995460000
190024839811692367262880
7304190155211157164959025408
118835548932906412704772800
15408459229165336238699808
48721112574625833704033280
3046328077331696117307648
2790049984814612011835090880
1251040790342038218696040608
399929076716217937467091201062528
190938221128667644515360
398513975608828224306578102400
191199790934842172900640
101662671452783520996295565760
15513343860825634559313600
459915066173484091159822560
2807965401781651835466594720
191890970505569278944288
191950020315588043903680
5482890043209575140297140000
1920253285883749742896003200
192074725779610084989600
192117402121494931881120
155746816483280173683837177600
3076676563426789385462400
249603457155930659893950720
45253563652928650570074931968
15648205545079980039000000
193193217465624691394400
87844498614760515060017427273600
75598164086137999512406200000
